STAR,ASMU1R,ALL,2
IF,ASMUK,28.164444,56.081389, ,0.0,0.0,0,0,0,0,0,0,0,0
TF,D343T,27.520431,56.271942,0, ,0.0,0.0,0.0,0.0,0,0,0,0,0,0,0,0
TF,D343L,27.391089,56.309931,0, ,0.0,0.0,0.0,0.0,0,0,0,0,0,0,0,0
TF,BND,27.197000,56.366833,0, ,0.0,0.0,0.0,0.0,0,0,0,0,0,0,0,0
TF,D052M,26.890667,56.103719,0, ,0.0,0.0,0.0,0.0,0,0,0,0,0,0,0,0

STAR,ASMU1W,ALL,2
IF,ASMUK,28.164444,56.081389, ,0.0,0.0,0,0,0,0,0,0,0,0
TF,D343T,27.520431,56.271942,0, ,0.0,0.0,0.0,0.0,0,0,0,0,0,0,0,0
TF,D343L,27.391089,56.309931,0, ,0.0,0.0,0.0,0.0,0,0,0,0,0,0,0,0
TF,BND,27.197000,56.366833,0, ,0.0,0.0,0.0,0.0,0,0,0,0,0,0,0,0
TF,KHM,26.762802,55.907839,0, ,0.0,0.0,0.0,0.0,0,0,0,0,0,0,0,0
TF,D222O,26.582592,55.713950,0, ,0.0,0.0,0.0,0.0,0,0,0,0,0,0,0,0

STAR,BND1R,ALL,2
IF,BND,27.197000,56.366833, ,0.0,0.0,0,0,0,0,0,0,0,0
TF,D052M,26.890667,56.103719,0, ,0.0,0.0,0.0,0.0,0,0,0,0,0,0,0,0

STAR,BND1W,ALL,2
IF,BND,27.197000,56.366833, ,0.0,0.0,0,0,0,0,0,0,0,0
TF,KHM,26.762802,55.907839,0, ,0.0,0.0,0.0,0.0,0,0,0,0,0,0,0,0
TF,D222O,26.582592,55.713950,0, ,0.0,0.0,0.0,0.0,0,0,0,0,0,0,0,0

STAR,MOBO1W,ALL,2
IF,MOBON,27.737222,55.420278, ,0.0,0.0,0,0,0,0,0,0,0,0
TF,KHM29,27.148375,55.570828,0, ,0.0,0.0,0.0,0.0,0,0,0,0,0,0,0,0
TF,D270M,26.770433,55.666594,0, ,0.0,0.0,0.0,0.0,0,0,0,0,0,0,0,0
TF,D222O,26.582592,55.713950,0, ,0.0,0.0,0.0,0.0,0,0,0,0,0,0,0,0

APPTR,Q05,05,D222O
IF,D222O,26.582592,55.713950, ,0.0,0.0,2,3000,0,0,0,0,1,0
CF,CQ05,26.617503,55.754053,0,BND,222.1,47.8,42.0,3.0,2,2000,0,0,0,0,1,0

FINAL,Q05,05,N
IF,CQ05,26.617503,55.754053,KHM,0.0,0.0,2,2000,0,0,0,0,0,0
CF,FQ05,26.678183,55.818011,0,KHM,0.0,0.0,42.0,5.0,2,1400,0,0,0,0,2,0
CF,MQ05,26.732767,55.875631,0,KHM,0.0,2.5,42.0,4.5,1,319,0,0,0,0,3,0
CF,KHM,26.762802,55.907839,0,BND,222.1,35.8,42.0,2.5,2,450,0,0,0,0,0,0
CA,0,42.0,2,1500,0,0,0,0,0,0
DF,KHM,26.762802,55.907839,2, ,0.0,0.0,0,0,0,0,0,0,0,0
CF,D222O,26.582592,55.713950,0,BND,222.1,50.8,222.0,15.0,1,3000,0,0,0,0,0,0
HM,D222O,26.582592,55.713950,1, ,0.0,0.0,42.0,04.3,0,0,0,0,0,0,0,0,0

APPTR,Q23,23,D052M
IF,D052M,26.890667,56.103719, ,0.0,0.0,2,3000,0,0,0,0,1,0
CF,CQ23,26.862428,56.057478,0,BND,218.2,26.0,232.0,3.0,2,1800,0,0,0,0,1,0

FINAL,Q23,23,N
IF,CQ23,26.862428,56.057478,KHM,0.0,0.0,2,1800,0,0,0,0,0,0
CF,FQ23,26.802842,55.967561,0,KHM,0.0,0.0,232.0,6.0,2,1200,0,0,0,0,2,0
CF,20DME,26.782964,55.937606,0,KHM,0.0,0.0,232.0,2.0,2,600,0,0,0,0,0,0
CF,MQ23,26.777994,55.930122,0,KHM,0.0,1.5,232.0,0.5,1,423,0,0,0,0,3,0
CA,0,232.0,2,450,0,0,0,0,0,0
VI,1, ,0.0,7.0,0,0,0,0,0,0,0,0
CF,D052M,26.890667,56.103719,0,BND,216.4,23.1,52.0,9.0,1,3000,0,0,0,0,0,0
HM,D052M,26.890667,56.103719,2, ,0.0,0.0,232.0,04.3,0,0,0,0,0,0,0,0,0

