SID,BND1G,05,2
CA,0,48.0,2,450,0,0,0,0,0,0
CF,BND,27.197000,56.366833,0,BND,0.0,0.0,42.0,36.0,0,0,0,0,0,0,0,0

SID,BND1J,23,2
CA,0,228.0,2,450,0,0,0,0,0,0
VI,2, ,0.0,72.0,0,0,0,0,0,0,0,0
CF,BND,27.197000,56.366833,0,BND,0.0,0.0,42.0,30.0,0,0,0,0,0,0,0,0

SID,MOBO1G,05,2
CF,D048E,26.816786,55.979019,0,BND,220.5,30.8,48.0,5.0,2,1500,0,0,0,0,0,0
VI,1, ,0.0,281.0,0,0,0,0,0,0,0,0
CF,KHM30,27.188011,55.610536,0,BND,267.4,40.5,326.0,22.0,0,0,0,0,0,0,0,0
VI,0, ,0.0,5.0,0,0,0,0,0,0,0,0
CF,MOBON,27.737222,55.420278,0,BND,300.8,60.0,335.0,28.0,0,0,0,0,0,0,0,0

SID,MOBO1J,23,2
CA,0,228.0,2,450,0,0,0,0,0,0
FA,KHM,26.762802,55.907839,0,BND,0.0,0.0,222.0,2,1000,0,0,0,0,0,0
VI,2, ,0.0,356.0,0,0,0,0,0,0,0,0
CF,KHM30,27.188011,55.610536,0,BND,267.4,40.5,326.0,21.0,0,0,0,0,0,0,0,0
VI,0, ,0.0,5.0,0,0,0,0,0,0,0,0
CF,MOBON,27.737222,55.420278,0,BND,300.8,60.0,335.0,28.0,0,0,0,0,0,0,0,0

