STAR,ABEL2C,12,2
IF,ABELA,44.191389,42.600278, ,0.0,0.0,4,20000,8000,0,0,0,0,0
TF,MD,44.256747,43.017738,0, ,0.0,0.0,0.0,0.0,4,20000,7000,0,0,0,0,0
TF,D115F,44.207250,43.126850,0, ,0.0,0.0,0.0,0.0,0,0,0,0,0,0,0,1
CF,D334G,44.369444,42.955833,1,MN,324.6,8.9,295.0,12.0,1,3010,0,0,0,0,0,1
CF,D305I,44.341944,42.891111,1,MN,304.3,9.3,205.0,2.0,1,3010,0,0,0,0,0,1
CF,CF12,44.307778,42.903056,1,MN,295.3,7.7,115.0,1.0,1,3010,0,0,0,0,0,0

STAR,ABEL2V,12,2
IF,ABELA,44.191389,42.600278, ,0.0,0.0,4,20000,8000,0,0,0,0,0
TF,D255N,44.205000,42.730000,0, ,0.0,0.0,0.0,0.0,4,20000,8000,0,0,0,0,0
CI,0, ,0.0,75.0,0,0,0,0,0,0,0,0
AF,D281L,44.299167,42.795278,2,MN,277.8,11.8,255.0,1,3010,0,0,0,0,0,0

STAR,ABEL2W,12,2
IF,ABELA,44.191389,42.600278, ,0.0,0.0,4,20000,8000,0,0,0,0,0
TF,D288K,44.319167,42.812778,0, ,0.0,0.0,0.0,0.0,1,3010,0,0,0,0,0,1
CF,CF12,44.307778,42.903056,0,MN,295.3,7.7,115.0,3.0,1,3010,0,0,0,0,0,0

STAR,ABEL4C,30,2
IF,ABELA,44.191389,42.600278, ,0.0,0.0,4,20000,8000,0,0,0,0,0
TF,MD,44.256747,43.017738,0, ,0.0,0.0,0.0,0.0,4,20000,7000,0,0,0,0,1
CI,0, ,0.0,70.0,0,0,0,0,0,0,0,0
CF,D096N,44.208333,43.313611,0,MN,92.4,11.4,115.0,10.0,1,3020,0,0,0,0,0,1
CF,D108L,44.155278,43.309722,2,MN,107.5,12.2,205.0,1.0,1,3020,0,0,0,0,0,1
CF,CF30,44.146944,43.260000,2,MN,114.9,10.5,295.0,1.0,1,3020,0,0,0,0,0,0

STAR,ABEL4V,30,2
IF,ABELA,44.191389,42.600278, ,0.0,0.0,4,20000,8000,0,0,0,0,0
TF,MN,44.239445,43.054165,0, ,0.0,0.0,0.0,0.0,4,20000,7000,0,0,0,0,0
TF,D091J,44.218056,43.273611,0, ,0.0,0.0,0.0,0.0,0,0,0,0,0,0,0,1
DF,D102L,44.173056,43.325278,2, ,0.0,0.0,1,3020,0,0,0,0,0,0
TF,D108L,44.155278,43.309722,0, ,0.0,0.0,0.0,0.0,1,3020,0,0,0,0,0,1
CF,CF30,44.146944,43.260000,2,MN,114.9,10.5,295.0,1.0,1,3020,0,0,0,0,0,0

STAR,ABEL4W,30,2
IF,ABELA,44.191389,42.600278, ,0.0,0.0,4,20000,8000,0,0,0,0,0
TF,MN,44.239445,43.054165,0, ,0.0,0.0,0.0,0.0,4,20000,7000,0,0,0,0,0
TF,D091J,44.218056,43.273611,0, ,0.0,0.0,0.0,0.0,1,3020,0,0,0,0,0,1
CF,D108L,44.155278,43.309722,2,MN,107.5,12.2,205.0,1.0,1,3020,0,0,0,0,0,1
CF,CF30,44.146944,43.260000,2,MN,114.9,10.5,295.0,1.0,1,3020,0,0,0,0,0,0

STAR,ALEG2C,12,2
IF,ALEGI,44.724722,42.998611, ,0.0,0.0,4,20000,7000,0,0,0,0,0
TF,MD,44.256747,43.017738,0, ,0.0,0.0,0.0,0.0,4,20000,7000,0,0,0,0,0
TF,D115F,44.207250,43.126850,0, ,0.0,0.0,0.0,0.0,0,0,0,0,0,0,0,1
CF,D334G,44.369444,42.955833,1,MN,324.6,8.9,295.0,12.0,1,3010,0,0,0,0,0,1
CF,D305I,44.341944,42.891111,1,MN,304.3,9.3,205.0,2.0,1,3010,0,0,0,0,0,1
CF,CF12,44.307778,42.903056,1,MN,295.3,7.7,115.0,1.0,1,3010,0,0,0,0,0,0

STAR,ALEG2V,12,2
IF,ALEGI,44.724722,42.998611, ,0.0,0.0,4,20000,7000,0,0,0,0,0
TF,MW006,44.436944,43.031389,0, ,0.0,0.0,0.0,0.0,0,0,0,0,0,0,0,0
CI,0, ,0.0,169.0,0,0,0,0,0,0,0,0
AF,D312J,44.361944,42.908611,1,MN,312.1,9.6,349.0,1,3010,0,0,0,0,0,0

STAR,ALEG2W,12,2
IF,ALEGI,44.724722,42.998611, ,0.0,0.0,4,20000,7000,0,0,0,0,0
TF,D301I,44.333056,42.886667,0, ,0.0,0.0,0.0,0.0,1,3010,0,0,0,0,0,1
CF,CF12,44.307778,42.903056,0,MN,295.3,7.7,115.0,1.0,1,3010,0,0,0,0,0,0

STAR,ALEG4C,30,2
IF,ALEGI,44.724722,42.998611, ,0.0,0.0,4,20000,7000,0,0,0,0,0
TF,MD,44.256747,43.017738,0, ,0.0,0.0,0.0,0.0,4,20000,7000,0,0,0,0,0
VI,1, ,0.0,70.0,0,0,0,0,0,0,0,0
CF,D096N,44.208333,43.313611,0,MN,92.4,11.4,115.0,6.0,1,3020,0,0,0,0,0,1
CF,D108L,44.155278,43.309722,2,MN,107.5,12.2,205.0,1.0,1,3020,0,0,0,0,0,1
CF,CF30,44.146944,43.260000,2,MN,114.9,10.5,295.0,1.0,1,3020,0,0,0,0,0,0

STAR,ALEG4V,30,2
IF,ALEGI,44.724722,42.998611, ,0.0,0.0,4,20000,7000,0,0,0,0,0
TF,MW011,44.481667,43.026389,0, ,0.0,0.0,0.0,0.0,0,0,0,0,0,0,0,0
CI,0, ,0.0,169.0,0,0,0,0,0,0,0,0
AF,D102L,44.173056,43.325278,2,MN,101.7,12.4,349.0,1,3020,0,0,0,0,0,0
TF,D108L,44.155278,43.309722,0, ,0.0,0.0,0.0,0.0,1,3020,0,0,0,0,0,1
CF,CF30,44.146944,43.260000,2,MN,114.9,10.5,295.0,1.0,1,3020,0,0,0,0,0,0

STAR,ALEG4W,30,2
IF,ALEGI,44.724722,42.998611, ,0.0,0.0,4,20000,7000,0,0,0,0,0
TF,D096L,44.195278,43.328056,0, ,0.0,0.0,0.0,0.0,1,3020,0,0,0,0,0,1
CF,D108L,44.155278,43.309722,0,MN,107.5,12.2,205.0,2.0,1,3020,0,0,0,0,0,1
CF,CF30,44.146944,43.260000,2,MN,114.9,10.5,295.0,1.0,1,3020,0,0,0,0,0,0

STAR,BADK2C,12,2
IF,BADKO,44.511389,43.506944, ,0.0,0.0,4,20000,7000,0,0,0,0,0
TF,MD,44.256747,43.017738,0, ,0.0,0.0,0.0,0.0,4,20000,7000,0,0,0,0,0
TF,D115F,44.207250,43.126850,0, ,0.0,0.0,0.0,0.0,0,0,0,0,0,0,0,1
CF,D334G,44.369444,42.955833,1,MN,324.6,8.9,295.0,12.0,1,3010,0,0,0,0,0,1
CF,D305I,44.341944,42.891111,1,MN,304.3,9.3,205.0,2.0,1,3010,0,0,0,0,0,1
CF,CF12,44.307778,42.903056,1,MN,295.3,7.7,115.0,1.0,1,3010,0,0,0,0,0,0

STAR,BADK2V,12,2
IF,BADKO,44.511389,43.506944, ,0.0,0.0,4,20000,7000,0,0,0,0,0
TF,MW007,44.367222,43.265278,0, ,0.0,0.0,0.0,0.0,0,0,0,0,0,0,0,0
CI,0, ,0.0,223.0,0,0,0,0,0,0,0,0
AF,D312J,44.361944,42.908611,1,MN,312.7,9.6,43.0,1,3010,0,0,0,0,0,0

STAR,BADK2W,12,2
IF,BADKO,44.511389,43.506944, ,0.0,0.0,4,20000,7000,0,0,0,0,0
TF,D318J,44.371944,42.925833,0, ,0.0,0.0,0.0,0.0,1,3010,0,0,0,0,0,1
CF,D301I,44.333056,42.886667,0,MN,301.0,9.1,205.0,2.0,1,3010,0,0,0,0,0,1
CF,CF12,44.307778,42.903056,1,MN,295.3,7.7,115.0,1.0,1,3010,0,0,0,0,0,0

STAR,BADK4C,30,2
IF,BADKO,44.511389,43.506944, ,0.0,0.0,4,20000,7000,0,0,0,0,0
TF,MD,44.256747,43.017738,0, ,0.0,0.0,0.0,0.0,4,20000,7000,0,0,0,0,1
CF,D096N,44.208333,43.313611,2,MN,92.4,11.4,115.0,14.0,1,3020,0,0,0,0,0,1
CF,D108L,44.155278,43.309722,2,MN,107.5,12.2,205.0,1.0,1,3020,0,0,0,0,0,1
CF,CF30,44.146944,43.260000,2,MN,114.9,10.5,295.0,1.0,1,3020,0,0,0,0,0,0

STAR,BADK4V,30,2
IF,BADKO,44.511389,43.506944, ,0.0,0.0,4,20000,7000,0,0,0,0,0
TF,MW012,44.395556,43.312500,0, ,0.0,0.0,0.0,0.0,0,0,0,0,0,0,0,0
CI,0, ,0.0,223.0,0,0,0,0,0,0,0,0
AF,D102L,44.173056,43.325278,2,MN,101.7,12.4,43.0,1,3020,0,0,0,0,0,0
TF,D108L,44.155278,43.309722,0, ,0.0,0.0,0.0,0.0,1,3020,0,0,0,0,0,1
CF,CF30,44.146944,43.260000,2,MN,114.9,10.5,295.0,1.0,1,3020,0,0,0,0,0,0

STAR,BADK4W,30,2
IF,BADKO,44.511389,43.506944, ,0.0,0.0,4,20000,7000,0,0,0,0,0
TF,D100L,44.173056,43.325000,0, ,0.0,0.0,0.0,0.0,1,3020,0,0,0,0,0,0
TF,D108L,44.155278,43.309722,0,MN,0.0,0.0,0.0,0.0,1,3020,0,0,0,0,0,1
CF,CF30,44.146944,43.260000,2,MN,114.9,10.5,295.0,1.0,1,3020,0,0,0,0,0,0

STAR,MARA2C,12,2
IF,MARAT,43.846389,43.620278, ,0.0,0.0,4,20000,7000,0,0,0,0,0
TF,D126I,44.161111,43.156667,0, ,0.0,0.0,0.0,0.0,4,20000,8000,0,0,0,0,0
TF,MD,44.256747,43.017738,0, ,0.0,0.0,0.0,0.0,4,20000,7000,0,0,0,0,1
CF,D115F,44.207250,43.126850,2,MN,114.5,3.7,115.0,5.0,0,0,0,0,0,0,0,1
CF,D334G,44.369444,42.955833,1,MN,324.6,8.9,295.0,12.0,1,3010,0,0,0,0,0,1
CF,D305I,44.341944,42.891111,1,MN,304.3,9.3,205.0,2.0,1,3010,0,0,0,0,0,1
CF,CF12,44.307778,42.903056,1,MN,295.3,7.7,115.0,1.0,1,3010,0,0,0,0,0,0

STAR,MARA2V,12,2
IF,MARAT,43.846389,43.620278, ,0.0,0.0,4,20000,7000,0,0,0,0,0
TF,MW025,44.165556,43.161944,0, ,0.0,0.0,0.0,0.0,4,20000,8000,0,0,0,0,0
TF,MN,44.239445,43.054165,0, ,0.0,0.0,0.0,0.0,4,20000,7000,0,0,0,0,0
TF,D327H,44.355833,42.972222,0, ,0.0,0.0,0.0,0.0,0,0,0,0,0,0,0,1
DF,D312J,44.361944,42.908611,1, ,0.0,0.0,1,3010,0,0,0,0,0,0

STAR,MARA2W,12,2
IF,MARAT,43.846389,43.620278, ,0.0,0.0,4,20000,7000,0,0,0,0,0
TF,D127F,44.165278,43.161944,0, ,0.0,0.0,0.0,0.0,4,20000,7000,0,0,0,0,0
TF,MN,44.239445,43.054165,0, ,0.0,0.0,0.0,0.0,4,20000,7000,0,0,0,0,0
TF,D327H,44.355833,42.972222,0, ,0.0,0.0,0.0,0.0,1,3010,0,0,0,0,0,1
CF,D301I,44.333056,42.886667,1,MN,301.0,9.1,205.0,2.0,1,3010,0,0,0,0,0,1
CF,CF12,44.307778,42.903056,1,MN,295.3,7.7,115.0,1.0,1,3010,0,0,0,0,0,0

STAR,MARA4C,30,2
IF,MARAT,43.846389,43.620278, ,0.0,0.0,4,20000,7000,0,0,0,0,0
TF,MW025,44.165556,43.161944,0, ,0.0,0.0,0.0,0.0,4,20000,8000,0,0,0,0,0
TF,MD,44.256747,43.017738,0, ,0.0,0.0,0.0,0.0,4,20000,7000,0,0,0,0,1
CF,D096N,44.208333,43.313611,2,MN,92.4,11.4,115.0,13.0,1,3020,0,0,0,0,0,1
CF,D108L,44.155278,43.309722,2,MN,107.5,12.2,205.0,1.0,1,3020,0,0,0,0,0,1
CF,CF30,44.146944,43.260000,2,MN,114.9,10.5,295.0,1.0,1,3020,0,0,0,0,0,0

STAR,MARA4V,30,2
IF,MARAT,43.846389,43.620278, ,0.0,0.0,4,20000,7000,0,0,0,0,0
TF,MN27,43.989722,43.583889,0, ,0.0,0.0,0.0,0.0,0,0,0,0,0,0,0,1
CF,CF30,44.146944,43.260000,0,MN,114.9,10.5,295.0,17.0,1,3020,0,0,0,0,0,0

STAR,MARA4W,30,2
IF,MARAT,43.846389,43.620278, ,0.0,0.0,4,20000,7000,0,0,0,0,0
TF,MN27,43.989722,43.583889,0, ,0.0,0.0,0.0,0.0,0,0,0,0,0,0,0,1
CF,CF30,44.146944,43.260000,0,MN,114.9,10.5,295.0,16.0,1,3020,0,0,0,0,0,0

STAR,RESL2C,12,2
IF,RESLO,43.950000,42.625000, ,0.0,0.0,4,20000,12000,0,0,0,0,0
TF,D214G,44.172778,42.900000,0, ,0.0,0.0,0.0,0.0,4,20000,8000,0,0,0,0,0
TF,MD,44.256747,43.017738,0, ,0.0,0.0,0.0,0.0,4,20000,7000,0,0,0,0,0
TF,D115F,44.207250,43.126850,0, ,0.0,0.0,0.0,0.0,0,0,0,0,0,0,0,1
CF,D334G,44.369444,42.955833,1,MN,324.6,8.9,295.0,12.0,1,3010,0,0,0,0,0,1
CF,D305I,44.341944,42.891111,1,MN,304.3,9.3,205.0,2.0,1,3010,0,0,0,0,0,1
CF,CF12,44.307778,42.903056,1,MN,295.3,7.7,115.0,1.0,1,3010,0,0,0,0,0,0

STAR,RESL2V,12,2
IF,RESLO,43.950000,42.625000, ,0.0,0.0,4,20000,12000,0,0,0,0,0
TF,MW021,44.079722,42.816111,0, ,0.0,0.0,0.0,0.0,4,20000,8000,0,0,0,0,1
CI,0, ,0.0,37.0,0,0,0,0,0,0,0,0
AF,D281L,44.299167,42.795278,2,MN,280.9,11.7,217.0,1,3010,0,0,0,0,0,0

STAR,RESL2W,12,2
IF,RESLO,43.950000,42.625000, ,0.0,0.0,4,20000,12000,0,0,0,0,0
TF,D246O,44.168333,42.729722,0, ,0.0,0.0,0.0,0.0,4,20000,6000,0,0,0,0,0
TF,D279L,44.295278,42.792778,0, ,0.0,0.0,0.0,0.0,1,3010,0,0,0,0,0,0
TF,D290K,44.324444,42.821111,0, ,0.0,0.0,0.0,0.0,1,3010,0,0,0,0,0,1
CF,CF12,44.307778,42.903056,2,MN,295.3,7.7,115.0,3.0,1,3010,0,0,0,0,0,0

STAR,RESL4C,30,2
IF,RESLO,43.950000,42.625000, ,0.0,0.0,4,20000,12000,0,0,0,0,0
TF,D214G,44.172778,42.900000,0, ,0.0,0.0,0.0,0.0,4,20000,8000,0,0,0,0,0
TF,MD,44.256747,43.017738,0, ,0.0,0.0,0.0,0.0,4,20000,7000,0,0,0,0,0
VI,0, ,0.0,70.0,0,0,0,0,0,0,0,0
CF,D096N,44.208333,43.313611,0,MN,92.4,11.4,115.0,10.0,1,3020,0,0,0,0,0,1
CF,D108L,44.155278,43.309722,2,MN,107.5,12.2,205.0,1.0,1,3020,0,0,0,0,0,1
CF,CF30,44.146944,43.260000,2,MN,114.9,10.5,295.0,1.0,1,3020,0,0,0,0,0,0

STAR,RESL4V,30,2
IF,RESLO,43.950000,42.625000, ,0.0,0.0,4,20000,12000,0,0,0,0,0
TF,D220G,44.160278,42.935556,0, ,0.0,0.0,0.0,0.0,4,20000,8000,0,0,0,0,0
TF,MN,44.239445,43.054165,0, ,0.0,0.0,0.0,0.0,4,20000,7000,0,0,0,0,0
TF,D091J,44.218056,43.273611,0, ,0.0,0.0,0.0,0.0,0,0,0,0,0,0,0,1
DF,D102L,44.173056,43.325278,2, ,0.0,0.0,1,3020,0,0,0,0,0,0
TF,D108L,44.155278,43.309722,0, ,0.0,0.0,0.0,0.0,1,3020,0,0,0,0,0,1
CF,CF30,44.146944,43.260000,2,MN,114.9,10.5,295.0,1.0,1,3020,0,0,0,0,0,0

STAR,RESL4W,30,2
IF,RESLO,43.950000,42.625000, ,0.0,0.0,4,20000,12000,0,0,0,0,0
TF,D220G,44.160278,42.935556,0, ,0.0,0.0,0.0,0.0,4,20000,8000,0,0,0,0,0
TF,MN,44.239445,43.054165,0, ,0.0,0.0,0.0,0.0,4,20000,7000,0,0,0,0,0
TF,D091J,44.218056,43.273611,0, ,0.0,0.0,0.0,0.0,1,3020,0,0,0,0,0,1
CF,D108L,44.155278,43.309722,2,MN,107.5,12.2,205.0,1.0,1,3020,0,0,0,0,0,1
CF,CF30,44.146944,43.260000,2,MN,114.9,10.5,295.0,1.0,1,3020,0,0,0,0,0,0

STAR,SULO2C,12,2
IF,SULOD,44.591389,42.665278, ,0.0,0.0,4,20000,7000,0,0,0,0,0
TF,MD,44.256747,43.017738,0, ,0.0,0.0,0.0,0.0,4,20000,7000,0,0,0,0,0
TF,D115F,44.207250,43.126850,0, ,0.0,0.0,0.0,0.0,0,0,0,0,0,0,0,1
CF,D334G,44.369444,42.955833,1,MN,324.6,8.9,295.0,12.0,1,3010,0,0,0,0,0,1
CF,D305I,44.341944,42.891111,1,MN,304.3,9.3,205.0,2.0,1,3010,0,0,0,0,0,1
CF,CF12,44.307778,42.903056,1,MN,295.3,7.7,115.0,1.0,1,3010,0,0,0,0,0,0

STAR,SULO2V,12,2
IF,SULOD,44.591389,42.665278, ,0.0,0.0,4,20000,7000,0,0,0,0,0
TF,MW004,44.430556,42.843611,0, ,0.0,0.0,0.0,0.0,2,3010,0,0,0,0,0,0

STAR,SULO2W,12,2
IF,SULOD,44.591389,42.665278, ,0.0,0.0,4,20000,7000,0,0,0,0,0
TF,D297H,44.316944,42.890278,0, ,0.0,0.0,0.0,0.0,1,3010,0,0,0,0,0,1
CF,CF12,44.307778,42.903056,0,MN,295.3,7.7,115.0,1.0,1,3010,0,0,0,0,0,0

STAR,SULO4C,30,2
IF,SULOD,44.591389,42.665278, ,0.0,0.0,4,20000,7000,0,0,0,0,0
TF,MD,44.256747,43.017738,0, ,0.0,0.0,0.0,0.0,4,20000,7000,0,0,0,0,0
VI,0, ,0.0,70.0,0,0,0,0,0,0,0,0
CF,D096N,44.208333,43.313611,0,MN,92.4,11.4,115.0,8.0,1,3020,0,0,0,0,0,1
CF,D108L,44.155278,43.309722,2,MN,107.5,12.2,205.0,1.0,1,3020,0,0,0,0,0,1
CF,CF30,44.146944,43.260000,2,MN,114.9,10.5,295.0,1.0,1,3020,0,0,0,0,0,0

STAR,SULO4V,30,2
IF,SULOD,44.591389,42.665278, ,0.0,0.0,4,20000,7000,0,0,0,0,0
TF,MW004,44.430556,42.843611,0, ,0.0,0.0,0.0,0.0,0,0,0,0,0,0,0,1
CI,0, ,0.0,135.0,0,0,0,0,0,0,0,0
AF,D102L,44.173056,43.325278,2,MN,101.7,12.4,315.0,1,3020,0,0,0,0,0,0
TF,D108L,44.155278,43.309722,0, ,0.0,0.0,0.0,0.0,1,3020,0,0,0,0,0,1
CF,CF30,44.146944,43.260000,2,MN,114.9,10.5,295.0,1.0,1,3020,0,0,0,0,0,0

STAR,SULO4W,30,2
IF,SULOD,44.591389,42.665278, ,0.0,0.0,4,20000,7000,0,0,0,0,0
TF,D093K,44.207222,43.315278,0, ,0.0,0.0,0.0,0.0,1,3020,0,0,0,0,0,1
CF,D108L,44.155278,43.309722,2,MN,107.5,12.2,205.0,2.0,1,3020,0,0,0,0,0,1
CF,CF30,44.146944,43.260000,2,MN,114.9,10.5,295.0,1.0,1,3020,0,0,0,0,0,0

STAR,TERL2C,12,2
IF,TERLO,44.157778,43.541111, ,0.0,0.0,4,20000,7000,0,0,0,0,0
TF,MD,44.256747,43.017738,0, ,0.0,0.0,0.0,0.0,4,20000,7000,0,0,0,0,1
CF,D115F,44.207250,43.126850,2,MN,114.5,3.7,115.0,5.0,0,0,0,0,0,0,0,1
CF,D334G,44.369444,42.955833,1,MN,324.6,8.9,295.0,12.0,1,3010,0,0,0,0,0,1
CF,D305I,44.341944,42.891111,1,MN,304.3,9.3,205.0,2.0,1,3010,0,0,0,0,0,1
CF,CF12,44.307778,42.903056,1,MN,295.3,7.7,115.0,1.0,1,3010,0,0,0,0,0,0

STAR,TERL2V,12,2
IF,TERLO,44.157778,43.541111, ,0.0,0.0,4,20000,7000,0,0,0,0,0
TF,D114G,44.181944,43.184444,0, ,0.0,0.0,0.0,0.0,0,0,0,0,0,0,0,0
TF,MN,44.239445,43.054165,0, ,0.0,0.0,0.0,0.0,4,20000,7000,0,0,0,0,0
TF,D327H,44.355833,42.972222,0, ,0.0,0.0,0.0,0.0,0,0,0,0,0,0,0,1
DF,D312J,44.361944,42.908611,1, ,0.0,0.0,1,3010,0,0,0,0,0,0

STAR,TERL2W,12,2
IF,TERLO,44.157778,43.541111, ,0.0,0.0,4,20000,7000,0,0,0,0,0
TF,D324I,44.370556,42.952778,0, ,0.0,0.0,0.0,0.0,1,3010,0,0,0,0,0,1
CF,D301I,44.333056,42.886667,0,MN,301.0,9.1,205.0,3.0,1,3010,0,0,0,0,0,1
CF,CF12,44.307778,42.903056,1,MN,295.3,7.7,115.0,1.0,1,3010,0,0,0,0,0,0

STAR,TERL4C,30,2
IF,TERLO,44.157778,43.541111, ,0.0,0.0,4,20000,7000,0,0,0,0,0
TF,MD,44.256747,43.017738,0, ,0.0,0.0,0.0,0.0,4,20000,7000,0,0,0,0,1
CF,D096N,44.208333,43.313611,2,MN,92.4,11.4,115.0,13.0,1,3020,0,0,0,0,0,1
CF,D108L,44.155278,43.309722,2,MN,107.5,12.2,205.0,1.0,1,3020,0,0,0,0,0,1
CF,CF30,44.146944,43.260000,2,MN,114.9,10.5,295.0,1.0,1,3020,0,0,0,0,0,0

STAR,TERL4V,30,2
IF,TERLO,44.157778,43.541111, ,0.0,0.0,4,20000,7000,0,0,0,0,0
TF,D113K,44.142778,43.281667,0, ,0.0,0.0,0.0,0.0,1,3020,0,0,0,0,0,1
CF,CF30,44.146944,43.260000,0,MN,114.9,10.5,295.0,1.0,1,3020,0,0,0,0,0,0

STAR,TERL4W,30,2
IF,TERLO,44.157778,43.541111, ,0.0,0.0,4,20000,7000,0,0,0,0,0
TF,D113K,44.142778,43.281667,0, ,0.0,0.0,0.0,0.0,1,3020,0,0,0,0,0,1
CF,CF30,44.146944,43.260000,0,MN,114.9,10.5,295.0,1.0,1,3020,0,0,0,0,0,0

APPTR,D12,12,D281L
IF,D281L,44.299167,42.795278, ,0.0,0.0,1,3010,0,0,0,0,1,0
TF,D290K,44.324444,42.821111,0, ,0.0,0.0,0.0,0.0,1,3010,0,0,0,0,0,1
CF,CD12,44.312222,42.907222,2,MN,297.7,7.7,118.0,2.0,1,3010,0,0,0,0,1,0

APPTR,D12,12,D312J
IF,D312J,44.361944,42.908611, ,0.0,0.0,1,3010,0,0,0,0,1,0
TF,D307I,44.346667,42.895000,0, ,0.0,0.0,0.0,0.0,1,3010,0,0,0,0,0,1
CF,CD12,44.312222,42.907222,0,MN,297.7,7.7,118.0,2.0,1,3010,0,0,0,0,1,0

APPTR,D12,12,MW004
IF,MW004,44.430556,42.843611, ,0.0,0.0,2,3010,0,0,0,0,1,0
TF,D300I,44.326111,42.891111,0, ,0.0,0.0,0.0,0.0,1,3010,0,0,0,0,0,0
CF,CD12,44.312222,42.907222,0,MN,297.7,7.7,118.0,1.0,1,3010,0,0,0,0,1,0

FINAL,D12,12,D
IF,CD12,44.312222,42.907222,MN,297.7,7.7,1,3010,0,0,0,0,0,0
CF,FD12,44.293056,42.944444,0,MN,297.3,5.7,118.0,2.0,1,3010,0,0,0,0,2,0
CF,27VOR,44.264983,43.001822,0,MN,297.3,2.7,118.0,3.0,2,2090,0,0,0,0,0,0
CF,23VOR,44.261117,43.009717,0,MN,297.3,2.3,118.0,0.4,2,1960,0,0,0,0,0,0
CF,MD12,44.247144,43.038228,0,MN,297.3,0.8,118.0,1.5,1,1480,0,0,0,0,3,0
CF,D115E,44.196389,43.149444,0,MN,115.1,4.9,115.0,5.7,0,0,0,0,0,0,0,1
CI,1, ,0.0,286.0,0,0,0,0,0,0,0,0
FM,MN,44.239445,43.054165,0,MN,0.0,0.0,331.0,1,3010,0,0,0,0,0,0

APPTR,D30,30,D102L
IF,D102L,44.173056,43.325278, ,0.0,0.0,1,3020,0,0,0,0,1,0
TF,D108L,44.155278,43.309722,0, ,0.0,0.0,0.0,0.0,1,3020,0,0,0,0,0,1
CF,CD30,44.149283,43.261942,0,MN,114.0,10.5,294.0,1.0,1,3020,0,0,0,0,1,0

FINAL,D30,30,D
IF,CD30,44.149283,43.261942,MN,114.0,10.5,1,3020,0,0,0,0,0,0
CF,FD30,44.165758,43.224053,0,MN,114.0,8.6,294.0,1.9,1,3020,0,0,0,0,2,0
CF,50VOR,44.197525,43.150856,0,MN,114.0,4.9,294.0,3.7,2,1840,0,0,0,0,0,0
CF,MD30,44.212142,43.117111,0,MN,114.0,3.2,294.0,1.7,1,1306,0,0,0,0,3,0
CF,MD,44.256747,43.017738,0,MN,295.8,2.3,295.0,5.5,2,1450,0,0,0,0,0,1
CI,2, ,0.0,136.0,1,3020,0,0,0,0,0,0
FM,MN,44.239445,43.054165,0,MN,0.0,0.0,91.0,0,0,0,0,0,0,0,0

APPTR,I12-1,12,D281L
IF,D281L,44.299167,42.795278, ,0.0,0.0,1,3010,0,0,0,0,1,0
TF,D288K,44.319167,42.812778,0, ,0.0,0.0,0.0,0.0,1,3010,0,0,0,0,0,1
CF,CF12,44.307778,42.903056,2,IMD,295.2,10.5,115.0,2.0,1,3010,0,0,0,0,1,0

APPTR,I12-1,12,D312J
IF,D312J,44.361944,42.908611, ,0.0,0.0,1,3010,0,0,0,0,1,0
TF,D305I,44.341944,42.891111,0, ,0.0,0.0,0.0,0.0,1,3010,0,0,0,0,0,1
CF,CF12,44.307778,42.903056,1,IMD,295.2,10.5,115.0,1.0,1,3010,0,0,0,0,1,0

APPTR,I12-1,12,MW004
IF,MW004,44.430556,42.843611, ,0.0,0.0,2,3010,0,0,0,0,1,0
TF,D298I,44.322778,42.887222,0, ,0.0,0.0,0.0,0.0,1,3010,0,0,0,0,0,0
CF,CF12,44.307778,42.903056,0,IMD,295.2,10.5,115.0,1.0,1,3010,0,0,0,0,1,0

FINAL,I12-1,12,I
IF,CF12,44.307778,42.903056,IMD,295.2,10.5,1,3010,0,0,0,0,0,0
CF,FF12,44.289722,42.943333,0,IMD,295.2,8.5,115.0,2.1,1,3010,0,0,0,0,2,0
CF,RW12,44.236147,43.062361,0,IMD,295.2,2.4,115.0,6.1,1,1088,0,0,0,0,3,0
CF,D115E,44.196389,43.149444,0,MN,115.1,4.9,115.0,4.5,2,1450,0,0,0,0,0,1
CI,1, ,0.0,282.0,0,0,0,0,0,0,0,0
FM,MN,44.239445,43.054165,0,MN,0.0,0.0,327.0,1,3010,0,0,0,0,0,0

FINAL,I12-2,12,I
IF,CF12,44.307778,42.903056,IMD,295.2,10.5,1,3010,0,0,0,0,0,0
CF,FF12,44.289722,42.943333,0,IMD,295.2,8.5,115.0,2.1,1,3010,0,0,0,0,2,0
CF,RW12,44.236147,43.062361,0,IMD,295.3,2.4,115.0,6.1,1,1088,0,0,0,0,3,0
CA,0,115.0,2,1700,0,0,0,0,0,0
VM,0,0,1,295.0,1,3010,0,0,0,0,0,0

APPTR,I30-1,30,D102L
IF,D102L,44.173056,43.325278, ,0.0,0.0,1,3020,0,0,0,0,1,0
TF,D108L,44.155278,43.309722,0, ,0.0,0.0,0.0,0.0,0,0,0,0,0,0,0,1
CF,CF30,44.146944,43.260000,2,IMW,115.0,10.3,295.0,1.0,1,3020,0,0,0,0,1,0

FINAL,I30-1,30,I
IF,CF30,44.146944,43.260000,IMW,115.0,10.3,1,3020,0,0,0,0,0,0
CF,FF30,44.163889,43.222500,0,IMW,115.0,8.4,295.0,1.9,1,3020,0,0,0,0,2,0
CF,RW30,44.217453,43.103661,0,IMW,115.2,2.4,295.0,6.0,1,1095,0,0,0,0,3,0
CF,MD,44.256747,43.017738,0,MN,295.8,2.3,295.0,4.8,2,1450,0,0,0,0,0,1
CI,2, ,0.0,136.0,1,3020,0,0,0,0,0,0
FM,MN,44.239445,43.054165,0,MN,0.0,0.0,91.0,0,0,0,0,0,0,0,0

FINAL,I30-2,30,I
IF,CF30,44.146944,43.260000,IMW,115.0,10.3,1,3020,0,0,0,0,0,0
CF,FF30,44.163889,43.222500,0,IMW,115.0,8.4,295.0,1.9,1,3020,0,0,0,0,2,0
CF,RW30,44.217453,43.103661,0,IMW,115.2,2.4,295.0,6.0,1,1095,0,0,0,0,3,0
CF,MD,44.256747,43.017738,0,MN,295.8,2.3,295.0,4.8,2,1450,0,0,0,0,0,1
VM,0,0,2,115.0,1,3020,0,0,0,0,0,0

FINAL,L12,12,D
IF,CF12,44.307778,42.903056,IMD,295.2,10.5,1,3010,0,0,0,0,0,0
CF,FF12,44.289722,42.943333,0,IMD,295.2,8.5,115.0,2.0,1,3010,0,0,0,0,2,0
CF,MD,44.256747,43.017738,0,IMD,295.2,5.2,115.0,3.3,2,1960,0,0,0,0,0,0
CF,ML12,44.247242,43.037817,0,IMD,295.2,3.7,115.0,1.5,1,1487,0,0,0,0,3,0
CA,0,115.0,2,1700,0,0,0,0,0,0
VM,0,0,1,295.0,1,3010,0,0,0,0,0,0

FINAL,L30,30,D
IF,CF30,44.146944,43.260000,IMW,115.0,10.3,1,3020,0,0,0,0,0,0
CF,FF30,44.163889,43.222500,0,IMW,115.0,8.4,295.0,1.9,1,3020,0,0,0,0,2,0
CF,ML30,44.204347,43.132569,0,IMW,115.2,3.9,295.0,4.6,1,1564,0,0,0,0,3,0
CF,MD,44.256747,43.017738,0,MN,295.8,2.3,295.0,6.3,2,1564,0,0,0,0,0,1
VM,0,0,2,115.0,1,3020,0,0,0,0,0,0
