SID,ABEL1V,12,2
CD, ,0,0,0,MN,0,0.0,115.0,4.9,0,0,0,0,0,0,0,0
DF,MN,44.239445,43.054165,1, ,0.0,0.0,4,20000,8000,0,0,0,0,0
TF,ABELA,44.191389,42.600278,0, ,0.0,0.0,0.0,0.0,4,20000,8000,0,0,0,0,0

SID,ABEL1W,12,2
CD, ,0,0,0,MN,0,0.0,115.0,4.9,0,0,0,0,0,0,0,0
CF,MN,44.239445,43.054165,1,MN,0.0,0.0,259.0,6.0,4,20000,8000,0,0,0,0,0
TF,ABELA,44.191389,42.600278,0, ,0.0,0.0,0.0,0.0,4,20000,8000,0,0,0,0,0

SID,ABEL3V,30,2
DF,MD,44.256747,43.017738,0, ,0.0,0.0,0,0,0,0,0,0,0,0
TF,MW026,44.311944,42.893889,0, ,0.0,0.0,0.0,0.0,1,6000,0,0,0,0,0,1
CF,ABELA,44.191389,42.600278,0,MN,254.7,19.8,228.0,13.0,4,20000,8000,0,0,0,0,0

SID,ABEL3W,30,2
DF,MD,44.256747,43.017738,0, ,0.0,0.0,0,0,0,0,0,0,0,0
TF,MW026,44.311944,42.893889,0, ,0.0,0.0,0.0,0.0,1,6000,0,0,0,0,0,1
CF,ABELA,44.191389,42.600278,0,MN,254.7,19.8,228.0,13.0,4,20000,8000,0,0,0,0,0

SID,BADK1V,12,2
CD, ,0,0,0,MN,0,0.0,115.0,4.9,0,0,0,0,0,0,0,0
DF,MW007,44.367222,43.265278,1, ,0.0,0.0,0,0,0,0,0,0,0,0
TF,BADKO,44.511389,43.506944,0, ,0.0,0.0,0.0,0.0,4,20000,7000,0,0,0,0,0

SID,BADK1W,12,2
CD, ,0,0,0,MN,0,0.0,115.0,4.9,0,0,0,0,0,0,0,0
CF,BADKO,44.511389,43.506944,0,MN,43.0,25.4,28.0,23.0,4,20000,7000,0,0,0,0,0

SID,BADK3V,30,2
DF,MD,44.256747,43.017738,0, ,0.0,0.0,0,0,0,0,0,0,0,1
DF,MW012,44.395556,43.312500,2, ,0.0,0.0,0,0,0,0,0,0,0,0
TF,BADKO,44.511389,43.506944,0, ,0.0,0.0,0.0,0.0,4,20000,7000,0,0,0,0,0

SID,BADK3W,30,2
DF,MD,44.256747,43.017738,0, ,0.0,0.0,0,0,0,0,0,0,0,1
CF,BADKO,44.511389,43.506944,2,MN,43.0,25.4,53.0,25.0,4,20000,7000,0,0,0,0,0

SID,MARA1V,12,2
CD, ,0,0,0,MN,0,0.0,115.0,4.9,0,0,0,0,0,0,0,0
CF,D115K,44.139444,43.276667,0,MN,114.9,11.4,115.0,7.0,1,6000,0,0,0,0,0,0
TF,MW019,44.053056,43.323889,0, ,0.0,0.0,0.0,0.0,0,0,0,0,0,0,0,0
TF,MARAT,43.846389,43.620278,0, ,0.0,0.0,0.0,0.0,4,20000,7000,0,0,0,0,0

SID,MARA1W,12,2
CD, ,0,0,0,MN,0,0.0,115.0,4.9,0,0,0,0,0,0,0,0
CF,D115K,44.139444,43.276667,0,MN,114.9,11.4,115.0,7.0,1,6000,0,0,0,0,0,0
TF,MARAT,43.846389,43.620278,0, ,0.0,0.0,0.0,0.0,4,20000,7000,0,0,0,0,0

SID,MARA3V,30,2
DF,MD,44.256747,43.017738,0, ,0.0,0.0,0,0,0,0,0,0,0,1
DF,MW019,44.053056,43.323889,2, ,0.0,0.0,0,0,0,0,0,0,0,0
TF,MARAT,43.846389,43.620278,0, ,0.0,0.0,0.0,0.0,4,20000,7000,0,0,0,0,0

SID,MARA3W,30,2
DF,MD,44.256747,43.017738,0, ,0.0,0.0,0,0,0,0,0,0,0,1
CF,MARAT,43.846389,43.620278,2,MN,126.7,34.0,131.0,37.0,4,20000,7000,0,0,0,0,0

SID,RESL1V,12,2
CD, ,0,0,0,MN,0,0.0,115.0,4.9,0,0,0,0,0,0,0,0
DF,MN,44.239445,43.054165,1, ,0.0,0.0,4,20000,8000,0,0,0,0,0
TF,RESLO,43.950000,42.625000,0, ,0.0,0.0,0.0,0.0,4,20000,12000,0,0,0,0,0

SID,RESL1W,12,2
CD, ,0,0,0,MN,0,0.0,115.0,4.9,0,0,0,0,0,0,0,0
CF,MN,44.239445,43.054165,1,MN,0.0,0.0,259.0,6.0,4,20000,8000,0,0,0,0,0
TF,RESLO,43.950000,42.625000,0, ,0.0,0.0,0.0,0.0,4,20000,12000,0,0,0,0,0

SID,RESL3V,30,2
DF,MD,44.256747,43.017738,0, ,0.0,0.0,0,0,0,0,0,0,0,0
TF,MW026,44.311944,42.893889,0, ,0.0,0.0,0.0,0.0,1,6000,0,0,0,0,0,1
DF,MW021,44.079722,42.816111,1, ,0.0,0.0,0,0,0,0,0,0,0,0
TF,RESLO,43.950000,42.625000,0, ,0.0,0.0,0.0,0.0,4,20000,12000,0,0,0,0,0

SID,RESL3W,30,2
DF,MD,44.256747,43.017738,0, ,0.0,0.0,0,0,0,0,0,0,0,0
TF,MW026,44.311944,42.893889,0, ,0.0,0.0,0.0,0.0,1,6000,0,0,0,0,0,1
CF,RESLO,43.950000,42.625000,1,MN,220.0,25.4,195.0,23.0,4,20000,12000,0,0,0,0,0

SID,SOR11W,12,2
CD, ,0,0,0,MN,0,0.0,115.0,4.9,0,0,0,0,0,0,0,0
CF,D115K,44.139444,43.276667,0,MN,114.9,11.4,115.0,7.0,1,6000,0,0,0,0,0,0
CF,SOROL,43.733056,43.165278,0,MN,163.9,30.8,188.0,24.0,4,20000,11000,0,0,0,0,0

SID,SORO1V,12,2
CD, ,0,0,0,MN,0,0.0,115.0,4.9,0,0,0,0,0,0,0,0
DF,MN,44.239445,43.054165,1, ,0.0,0.0,4,20000,8000,0,0,0,0,0
TF,SOROL,43.733056,43.165278,0, ,0.0,0.0,0.0,0.0,4,20000,11000,0,0,0,0,0

SID,SORO1W,12,2
CD, ,0,0,0,MN,0,0.0,115.0,4.9,0,0,0,0,0,0,0,0
CF,MN,44.239445,43.054165,1,MN,0.0,0.0,259.0,6.0,4,20000,8000,0,0,0,0,0
TF,SOROL,43.733056,43.165278,1, ,0.0,0.0,0.0,0.0,4,20000,11000,0,0,0,0,0

SID,SORO3V,30,2
DF,MD,44.256747,43.017738,0, ,0.0,0.0,0,0,0,0,0,0,0,0
TF,MW026,44.311944,42.893889,0, ,0.0,0.0,0.0,0.0,1,6000,0,0,0,0,0,1
DF,MW020,43.973333,43.112778,1, ,0.0,0.0,0,0,0,0,0,0,0,0
TF,SOROL,43.733056,43.165278,0, ,0.0,0.0,0.0,0.0,4,20000,11000,0,0,0,0,0

SID,SORO3W,30,2
DF,MD,44.256747,43.017738,0, ,0.0,0.0,0,0,0,0,0,0,0,0
TF,MW026,44.311944,42.893889,0, ,0.0,0.0,0.0,0.0,1,6000,0,0,0,0,0,1
CF,SOROL,43.733056,43.165278,1,MN,163.9,30.8,148.0,36.0,4,20000,11000,0,0,0,0,0

SID,SULO1V,12,2
CD, ,0,0,0,MN,0,0.0,115.0,4.9,0,0,0,0,0,0,0,0
DF,MW004,44.430556,42.843611,1, ,0.0,0.0,0,0,0,0,0,0,0,0
TF,SULOD,44.591389,42.665278,0, ,0.0,0.0,0.0,0.0,4,20000,7000,0,0,0,0,0

SID,SULO1W,12,2
CD, ,0,0,0,MN,0,0.0,115.0,4.9,0,0,0,0,0,0,0,0
CF,SULOD,44.591389,42.665278,1,MN,314.8,26.9,306.0,32.0,4,20000,7000,0,0,0,0,0

SID,SULO3V,30,2
DF,MD,44.256747,43.017738,0, ,0.0,0.0,0,0,0,0,0,0,0,1
DF,MW004,44.430556,42.843611,0, ,0.0,0.0,0,0,0,0,0,0,0,0
TF,SULOD,44.591389,42.665278,0, ,0.0,0.0,0.0,0.0,4,20000,7000,0,0,0,0,0

SID,SULO3W,30,2
DF,MD,44.256747,43.017738,0, ,0.0,0.0,0,0,0,0,0,0,0,0
TF,SULOD,44.591389,42.665278,0,MN,0.0,0.0,0.0,0.0,4,20000,7000,0,0,0,0,0

SID,TERL1V,12,2
CD, ,0,0,0,MN,0,0.0,115.0,4.9,0,0,0,0,0,0,0,0
DF,MW018,44.178611,43.419167,0, ,0.0,0.0,0,0,0,0,0,0,0,0
TF,TERLO,44.157778,43.541111,0, ,0.0,0.0,0.0,0.0,4,20000,7000,0,0,0,0,0

SID,TERL1W,12,2
CD, ,0,0,0,MN,0,0.0,115.0,4.9,0,0,0,0,0,0,0,0
CF,TERLO,44.157778,43.541111,0,MN,96.0,21.6,91.0,17.0,4,20000,7000,0,0,0,0,0

SID,TERL3V,30,2
DF,MD,44.256747,43.017738,0, ,0.0,0.0,0,0,0,0,0,0,0,1
DF,MW018,44.178611,43.419167,2, ,0.0,0.0,0,0,0,0,0,0,0,0
TF,TERLO,44.157778,43.541111,0, ,0.0,0.0,0.0,0.0,4,20000,7000,0,0,0,0,0

SID,TERL3W,30,2
DF,MD,44.256747,43.017738,0, ,0.0,0.0,0,0,0,0,0,0,0,1
CF,TERLO,44.157778,43.541111,2,MN,96.0,21.6,106.0,24.0,4,20000,7000,0,0,0,0,0
