STAR,CLARR2,DAG,1
IF,DAG,34.962384,-116.578128, ,0.0,0.0,0,0,0,0,0,0,0,0
TF,MISEN,35.102350,-116.403850,0, ,0.0,0.0,0.0,0.0,2,24000,0,0,0,0,0,0
TF,CLARR,35.675681,-115.679753,0, ,0.0,0.0,0.0,0.0,1,13000,0,1,250,0,0,0

STAR,CLARR2,ALL,2
IF,CLARR,35.675681,-115.679753, ,0.0,0.0,1,13000,0,1,250,0,0,0
TF,SKEBR,35.757158,-115.575572,0, ,0.0,0.0,0.0,0.0,0,0,0,0,0,0,0,0
TF,ISSAR,36.044333,-115.575500,0, ,0.0,0.0,0.0,0.0,0,0,0,0,0,0,0,0
TF,IPUMY,36.031061,-115.375328,0, ,0.0,0.0,0.0,0.0,0,0,0,0,0,0,0,0
TF,BLD,35.995752,-114.863607,0, ,0.0,0.0,0.0,0.0,0,0,0,0,0,0,0,0

STAR,CRESO3,DAG,1
IF,DAG,34.962384,-116.578128, ,0.0,0.0,0,0,0,0,0,0,0,0
TF,JOKUR,35.041783,-116.399664,0, ,0.0,0.0,0.0,0.0,0,0,0,0,0,0,0,0
TF,DANBY,35.311436,-115.785864,0, ,0.0,0.0,0.0,0.0,0,0,0,0,0,0,0,0
TF,SARAS,35.356039,-115.726669,0, ,0.0,0.0,0.0,0.0,0,0,0,0,0,0,0,0
TF,WHIGG,35.507925,-115.523636,0, ,0.0,0.0,0.0,0.0,0,0,0,0,0,0,0,0
TF,CRESO,35.774036,-115.165211,0, ,0.0,0.0,0.0,0.0,0,0,0,0,0,0,0,0

STAR,CRESO3,HEC,1
IF,HEC,34.797214,-116.462929, ,0.0,0.0,0,0,0,0,0,0,0,0
TF,DANBY,35.311436,-115.785864,0, ,0.0,0.0,0.0,0.0,0,0,0,0,0,0,0,0
TF,SARAS,35.356039,-115.726669,0, ,0.0,0.0,0.0,0.0,0,0,0,0,0,0,0,0
TF,WHIGG,35.507925,-115.523636,0, ,0.0,0.0,0.0,0.0,0,0,0,0,0,0,0,0
TF,CRESO,35.774036,-115.165211,0, ,0.0,0.0,0.0,0.0,0,0,0,0,0,0,0,0

STAR,CRESO3,ALL,2
IF,CRESO,35.774036,-115.165211,BLD,213.0,19.8,0,0,0,0,0,0,0,0
CF,BLD,35.995752,-114.863607,0,BLD,0.0,0.0,33.0,20.0,0,0,0,0,0,0,0,0

STAR,FUZZY7,BTY,1
IF,BTY,36.800583,-116.747647, ,0.0,0.0,0,0,0,0,0,0,0,0
TF,MYCAL,36.460181,-116.264261,0, ,0.0,0.0,0.0,0.0,2,21000,0,0,0,0,0,0
TF,FUZZY,36.200575,-115.900281,0, ,0.0,0.0,0.0,0.0,0,0,0,1,250,0,0,0

STAR,FUZZY7,ALL,2
IF,FUZZY,36.200575,-115.900281, ,0.0,0.0,0,0,0,0,0,0,0,0
TF,IKRIY,36.037536,-115.472881,0, ,0.0,0.0,0.0,0.0,0,0,0,0,0,0,0,0
TF,IPUMY,36.031061,-115.375328,0, ,0.0,0.0,0.0,0.0,0,0,0,0,0,0,0,0
TF,BLD,35.995752,-114.863607,0, ,0.0,0.0,0.0,0.0,0,0,0,0,0,0,0,0

STAR,GRNPA1,BCE,4
IF,BCE,37.689167,-112.303833, ,0.0,0.0,0,0,0,0,0,0,0,0
TF,KSINO,36.575589,-114.084608,0, ,0.0,0.0,0.0,0.0,0,0,0,0,0,0,0,0
TF,LUXOR,36.394894,-114.480428,0, ,0.0,0.0,0.0,0.0,1,12000,0,1,250,0,0,0
TF,GRNPA,36.264722,-114.514722,0, ,0.0,0.0,0.0,0.0,1,11000,0,0,0,0,0,0

STAR,GRNPA1,BETHL,4
IF,BETHL,36.884417,-112.440431, ,0.0,0.0,0,0,0,0,0,0,0,0
TF,HOLDM,36.818639,-113.544608,0, ,0.0,0.0,0.0,0.0,0,0,0,0,0,0,0,0
TF,KSINO,36.575589,-114.084608,0, ,0.0,0.0,0.0,0.0,0,0,0,0,0,0,0,0
TF,LUXOR,36.394894,-114.480428,0, ,0.0,0.0,0.0,0.0,1,12000,0,1,250,0,0,0
TF,GRNPA,36.264722,-114.514722,0, ,0.0,0.0,0.0,0.0,1,11000,0,0,0,0,0,0

STAR,GRNPA1,MLF,4
IF,MLF,38.360356,-113.013233, ,0.0,0.0,0,0,0,0,0,0,0,0
TF,KSINO,36.575589,-114.084608,0, ,0.0,0.0,0.0,0.0,0,0,0,0,0,0,0,0
TF,LUXOR,36.394894,-114.480428,0, ,0.0,0.0,0.0,0.0,1,12000,0,1,250,0,0,0
TF,GRNPA,36.264722,-114.514722,0, ,0.0,0.0,0.0,0.0,1,11000,0,0,0,0,0,0

STAR,GRNPA1,ALL,5
IF,GRNPA,36.264722,-114.514722, ,0.0,0.0,1,11000,0,0,0,0,0,0
TF,DUBLX,36.170556,-114.637500,0, ,0.0,0.0,0.0,0.0,1,9000,0,0,0,0,0,0
TF,FRAWG,36.145278,-114.767778,0, ,0.0,0.0,0.0,0.0,1,8000,0,1,210,0,0,0
TF,TRROP,36.132500,-114.957500,0, ,0.0,0.0,0.0,0.0,0,0,0,0,0,0,0,0
TF,LEMNZ,36.137292,-115.132519,0, ,0.0,0.0,0.0,0.0,0,0,0,0,0,0,0,0

STAR,KADDY2,IGM,1
IF,IGM,35.260535,-113.934130, ,0.0,0.0,0,0,0,0,0,0,0,0
TF,COTES,35.457144,-114.046172,0, ,0.0,0.0,0.0,0.0,3,19000,0,0,0,0,0,0
TF,ZIVSI,35.608819,-114.133053,0, ,0.0,0.0,0.0,0.0,0,0,0,0,0,0,0,0
TF,KADDY,35.742406,-114.383531,0, ,0.0,0.0,0.0,0.0,1,12000,0,1,250,0,0,0

STAR,KADDY2,PGS,1
IF,PGS,35.624667,-113.544500, ,0.0,0.0,0,0,0,0,0,0,0,0
TF,CEJAY,35.679175,-113.927261,0, ,0.0,0.0,0.0,0.0,3,19000,0,0,0,0,0,0
TF,KADDY,35.742406,-114.383531,0, ,0.0,0.0,0.0,0.0,1,12000,0,1,250,0,0,0

STAR,KADDY2,ALL,2
IF,KADDY,35.742406,-114.383531, ,0.0,0.0,1,12000,0,1,250,0,0,0
VM,36.080056,-115.152250,0,325.0,0,0,0,0,0,0,0,0

STAR,KEPEC3,DAG,4
IF,DAG,34.962384,-116.578128, ,0.0,0.0,0,0,0,0,0,0,0,0
TF,MISEN,35.102350,-116.403850,0, ,0.0,0.0,0.0,0.0,1,24000,0,0,0,0,0,0
TF,CLARR,35.675681,-115.679753,0, ,0.0,0.0,0.0,0.0,1,13000,0,1,250,0,0,0
TF,SKEBR,35.757158,-115.575572,0, ,0.0,0.0,0.0,0.0,0,0,0,0,0,0,0,0
TF,KEPEC,35.971289,-115.563539,0, ,0.0,0.0,0.0,0.0,1,13000,0,0,0,0,0,0

STAR,KEPEC3,ALL,5
IF,KEPEC,35.971289,-115.563539, ,0.0,0.0,1,13000,0,0,0,0,0,0
TF,IPUMY,36.031061,-115.375328,0, ,0.0,0.0,0.0,0.0,1,11000,0,1,230,0,0,0
TF,NIPZO,36.018567,-115.202825,0, ,0.0,0.0,0.0,0.0,1,9000,0,0,0,0,0,0
TF,SUNST,36.010278,-115.080833,0, ,0.0,0.0,0.0,0.0,1,8000,0,1,210,0,0,0
TF,KIMME,35.995278,-114.830556,0, ,0.0,0.0,0.0,0.0,1,8000,0,1,210,0,0,0
TF,CHIPZ,35.980556,-114.608333,0, ,0.0,0.0,0.0,0.0,1,8000,0,1,170,0,0,0
TF,POKRR,36.062636,-114.598175,0, ,0.0,0.0,0.0,0.0,0,0,0,0,0,0,0,0
TF,PRINO,36.073222,-114.727461,0, ,0.0,0.0,0.0,0.0,0,0,0,0,0,0,0,0

STAR,LUXOR2,BCE,1
IF,BCE,37.689167,-112.303833, ,0.0,0.0,0,0,0,0,0,0,0,0
TF,KSINO,36.575589,-114.084608,0, ,0.0,0.0,0.0,0.0,0,0,0,0,0,0,0,0
TF,LUXOR,36.394894,-114.480428,0, ,0.0,0.0,0.0,0.0,1,12000,0,1,250,0,0,0

STAR,LUXOR2,BETHL,1
IF,BETHL,36.884417,-112.440431, ,0.0,0.0,0,0,0,0,0,0,0,0
TF,HOLDM,36.818639,-113.544608,0, ,0.0,0.0,0.0,0.0,0,0,0,0,0,0,0,0
TF,KSINO,36.575589,-114.084608,0, ,0.0,0.0,0.0,0.0,0,0,0,0,0,0,0,0
TF,LUXOR,36.394894,-114.480428,0, ,0.0,0.0,0.0,0.0,1,12000,0,1,250,0,0,0

STAR,LUXOR2,MLF,1
IF,MLF,38.360356,-113.013233, ,0.0,0.0,0,0,0,0,0,0,0,0
TF,KSINO,36.575589,-114.084608,0, ,0.0,0.0,0.0,0.0,0,0,0,0,0,0,0,0
TF,LUXOR,36.394894,-114.480428,0, ,0.0,0.0,0.0,0.0,1,12000,0,1,250,0,0,0

STAR,LUXOR2,ALL,2
IF,LUXOR,36.394894,-114.480428, ,0.0,0.0,1,12000,0,1,250,0,0,0
TF,BAMAA,36.133967,-114.731514,0, ,0.0,0.0,0.0,0.0,1,8000,0,1,210,0,0,0
TF,LAS,36.079576,-115.159816,0, ,0.0,0.0,0.0,0.0,0,0,0,0,0,0,0,0

STAR,SUNST3,BTY,4
IF,BTY,36.800583,-116.747647, ,0.0,0.0,0,0,0,0,0,0,0,0
TF,MYCAL,36.460181,-116.264261,0, ,0.0,0.0,0.0,0.0,2,21000,0,0,0,0,0,0
TF,FUZZY,36.200575,-115.900281,0, ,0.0,0.0,0.0,0.0,1,16000,0,1,250,0,0,0
TF,TRAGR,36.115989,-115.637206,0, ,0.0,0.0,0.0,0.0,0,0,0,0,0,0,0,0
TF,IPUMY,36.031061,-115.375328,0, ,0.0,0.0,0.0,0.0,1,11000,0,1,230,0,0,0
TF,NIPZO,36.018567,-115.202825,0, ,0.0,0.0,0.0,0.0,1,9000,0,0,0,0,0,0
TF,SUNST,36.010278,-115.080833,0, ,0.0,0.0,0.0,0.0,1,8000,0,1,210,0,0,0

STAR,SUNST3,TACUS,4
IF,TACUS,37.087778,-116.903333, ,0.0,0.0,0,0,0,0,0,0,0,0
TF,TUMBE,36.805556,-116.667500,0, ,0.0,0.0,0.0,0.0,0,0,0,0,0,0,0,0
TF,MYCAL,36.460181,-116.264261,0, ,0.0,0.0,0.0,0.0,2,21000,0,0,0,0,0,0
TF,FUZZY,36.200575,-115.900281,0, ,0.0,0.0,0.0,0.0,1,16000,0,1,250,0,0,0
TF,TRAGR,36.115989,-115.637206,0, ,0.0,0.0,0.0,0.0,0,0,0,0,0,0,0,0
TF,IPUMY,36.031061,-115.375328,0, ,0.0,0.0,0.0,0.0,1,11000,0,1,230,0,0,0
TF,NIPZO,36.018567,-115.202825,0, ,0.0,0.0,0.0,0.0,1,9000,0,0,0,0,0,0
TF,SUNST,36.010278,-115.080833,0, ,0.0,0.0,0.0,0.0,1,8000,0,1,210,0,0,0

STAR,SUNST3,ALL,5
IF,SUNST,36.010278,-115.080833, ,0.0,0.0,1,8000,0,1,210,0,0,0
TF,KIMME,35.995278,-114.830556,0, ,0.0,0.0,0.0,0.0,1,8000,0,1,210,0,0,0
TF,CHIPZ,35.980556,-114.608333,0, ,0.0,0.0,0.0,0.0,1,8000,0,1,170,0,0,0
TF,POKRR,36.062636,-114.598175,0, ,0.0,0.0,0.0,0.0,0,0,0,0,0,0,0,0
TF,PRINO,36.073222,-114.727461,0, ,0.0,0.0,0.0,0.0,0,0,0,0,0,0,0,0

STAR,TYSSN4,IGM,4
IF,IGM,35.260535,-113.934130, ,0.0,0.0,2,20000,0,0,0,0,0,0
TF,ZATES,35.455000,-114.115000,0, ,0.0,0.0,0.0,0.0,3,19000,0,0,0,0,0,0
TF,KADDY,35.742406,-114.383531,0, ,0.0,0.0,0.0,0.0,1,12000,0,1,250,0,0,0
TF,TYSSN,35.855556,-114.436389,0, ,0.0,0.0,0.0,0.0,0,0,0,0,0,0,0,0

STAR,TYSSN4,LRAIN,4
IF,LRAIN,36.517831,-110.586653, ,0.0,0.0,0,0,0,0,0,0,0,0
TF,CORKR,36.083961,-112.400358,0, ,0.0,0.0,0.0,0.0,2,20000,0,0,0,0,0,0
TF,ONRUE,35.908772,-113.068683,0, ,0.0,0.0,0.0,0.0,2,20000,0,0,0,0,0,0
TF,CEJAY,35.679175,-113.927261,0, ,0.0,0.0,0.0,0.0,3,19000,0,0,0,0,0,0
TF,KADDY,35.742406,-114.383531,0, ,0.0,0.0,0.0,0.0,1,12000,0,1,250,0,0,0
TF,TYSSN,35.855556,-114.436389,0, ,0.0,0.0,0.0,0.0,0,0,0,0,0,0,0,0

STAR,TYSSN4,PGS,4
IF,PGS,35.624667,-113.544500, ,0.0,0.0,2,20000,0,0,0,0,0,0
TF,CEJAY,35.679175,-113.927261,0, ,0.0,0.0,0.0,0.0,3,19000,0,0,0,0,0,0
TF,KADDY,35.742406,-114.383531,0, ,0.0,0.0,0.0,0.0,1,12000,0,1,250,0,0,0
TF,TYSSN,35.855556,-114.436389,0, ,0.0,0.0,0.0,0.0,0,0,0,0,0,0,0,0

STAR,TYSSN4,ALL,5
IF,TYSSN,35.855556,-114.436389, ,0.0,0.0,0,0,0,0,0,0,0,0
TF,SUZSI,36.037500,-114.521667,0, ,0.0,0.0,0.0,0.0,1,10000,0,1,210,0,0,0
TF,PRINO,36.073222,-114.727461,0, ,0.0,0.0,0.0,0.0,1,8000,0,0,0,0,0,0

APPTR,D07L-A,07L,BLD
IF,BLD,35.995752,-114.863607, ,0.0,0.0,0,0,0,0,0,0,0,0
TF,KACCY,35.813658,-115.247378,0, ,0.0,0.0,0.0,0.0,2,7100,0,0,0,0,0,0
HF,KACCY,35.813658,-115.247378,2, ,0.0,0.0,360.0,04.3,2,7100,0,0,0,0,1,0,0
TF,CINDA,35.878158,-115.226200,0, ,0.0,0.0,0.0,0.0,2,6100,0,0,0,0,0,0

APPTR,D07L-A,07L,LAS
IF,LAS,36.079576,-115.159816, ,0.0,0.0,0,0,0,0,0,0,0,0
TF,KACCY,35.813658,-115.247378,0, ,0.0,0.0,0.0,0.0,2,7100,0,0,0,0,0,0
HF,KACCY,35.813658,-115.247378,2, ,0.0,0.0,360.0,04.3,2,7100,0,0,0,0,1,0,0
TF,CINDA,35.878158,-115.226200,0, ,0.0,0.0,0.0,0.0,2,6100,0,0,0,0,0,0

FINAL,D07L-A,07L,D
IF,CINDA,35.878158,-115.226200,LAS,180.0,12.5,2,6100,0,0,0,0,0,0
CF,NICZU,35.926531,-115.210297,0,LAS,180.0,9.5,360.0,3.0,2,5400,0,0,0,0,2,0
CF,55VOR,35.991031,-115.189056,0,LAS,180.0,5.5,360.0,4.0,2,4280,0,0,0,0,0,0
CF,MA360,36.073256,-115.161956,0,LAS,180.0,0.4,360.0,5.1,1,3280,0,0,0,0,3,0
CA,0,360.0,2,5000,0,0,0,0,0,0
DF,BLD,35.995752,-114.863607,2, ,0.0,0.0,2,6000,0,0,0,0,0,0
HM,BLD,35.995752,-114.863607,2, ,0.0,0.0,330.0,04.3,0,0,0,0,0,0,0,0,0

APPTR,D07R-A,07R,BLD
IF,BLD,35.995752,-114.863607, ,0.0,0.0,0,0,0,0,0,0,0,0
TF,KACCY,35.813658,-115.247378,0, ,0.0,0.0,0.0,0.0,2,7100,0,0,0,0,0,0
HF,KACCY,35.813658,-115.247378,2, ,0.0,0.0,360.0,04.3,2,7100,0,0,0,0,1,0,0
TF,CINDA,35.878158,-115.226200,0, ,0.0,0.0,0.0,0.0,2,6100,0,0,0,0,0,0

APPTR,D07R-A,07R,LAS
IF,LAS,36.079576,-115.159816, ,0.0,0.0,0,0,0,0,0,0,0,0
TF,KACCY,35.813658,-115.247378,0, ,0.0,0.0,0.0,0.0,2,7100,0,0,0,0,0,0
HF,KACCY,35.813658,-115.247378,2, ,0.0,0.0,360.0,04.3,2,7100,0,0,0,0,1,0,0
TF,CINDA,35.878158,-115.226200,0, ,0.0,0.0,0.0,0.0,2,6100,0,0,0,0,0,0

FINAL,D07R-A,07R,D
IF,CINDA,35.878158,-115.226200,LAS,180.0,12.5,2,6100,0,0,0,0,0,0
CF,NICZU,35.926531,-115.210297,0,LAS,180.0,9.5,360.0,3.0,2,5400,0,0,0,0,2,0
CF,55VOR,35.991031,-115.189056,0,LAS,180.0,5.5,360.0,4.0,2,4280,0,0,0,0,0,0
CF,MA360,36.073256,-115.161956,0,LAS,180.0,0.4,360.0,5.1,1,3280,0,0,0,0,3,0
CA,0,360.0,2,5000,0,0,0,0,0,0
DF,BLD,35.995752,-114.863607,2, ,0.0,0.0,2,6000,0,0,0,0,0,0
HM,BLD,35.995752,-114.863607,2, ,0.0,0.0,330.0,04.3,0,0,0,0,0,0,0,0,0

APPTR,D25L-A,25L,BLD
IF,BLD,35.995752,-114.863607, ,0.0,0.0,0,0,0,0,0,0,0,0
TF,KACCY,35.813658,-115.247378,0, ,0.0,0.0,0.0,0.0,2,7100,0,0,0,0,0,0
HF,KACCY,35.813658,-115.247378,2, ,0.0,0.0,360.0,04.3,2,7100,0,0,0,0,1,0,0
TF,CINDA,35.878158,-115.226200,0, ,0.0,0.0,0.0,0.0,2,6100,0,0,0,0,0,0

APPTR,D25L-A,25L,LAS
IF,LAS,36.079576,-115.159816, ,0.0,0.0,0,0,0,0,0,0,0,0
TF,KACCY,35.813658,-115.247378,0, ,0.0,0.0,0.0,0.0,2,7100,0,0,0,0,0,0
HF,KACCY,35.813658,-115.247378,2, ,0.0,0.0,360.0,04.3,2,7100,0,0,0,0,1,0,0
TF,CINDA,35.878158,-115.226200,0, ,0.0,0.0,0.0,0.0,2,6100,0,0,0,0,0,0

FINAL,D25L-A,25L,D
IF,CINDA,35.878158,-115.226200,LAS,180.0,12.5,2,6100,0,0,0,0,0,0
CF,NICZU,35.926531,-115.210297,0,LAS,180.0,9.5,360.0,3.0,2,5400,0,0,0,0,2,0
CF,55VOR,35.991031,-115.189056,0,LAS,180.0,5.5,360.0,4.0,2,4280,0,0,0,0,0,0
CF,MA360,36.073256,-115.161956,0,LAS,180.0,0.4,360.0,5.1,1,3280,0,0,0,0,3,0
CA,0,360.0,2,5000,0,0,0,0,0,0
DF,BLD,35.995752,-114.863607,2, ,0.0,0.0,2,6000,0,0,0,0,0,0
HM,BLD,35.995752,-114.863607,2, ,0.0,0.0,330.0,04.3,0,0,0,0,0,0,0,0,0

APPTR,D25R-A,25R,BLD
IF,BLD,35.995752,-114.863607, ,0.0,0.0,0,0,0,0,0,0,0,0
TF,KACCY,35.813658,-115.247378,0, ,0.0,0.0,0.0,0.0,2,7100,0,0,0,0,0,0
HF,KACCY,35.813658,-115.247378,2, ,0.0,0.0,360.0,04.3,2,7100,0,0,0,0,1,0,0
TF,CINDA,35.878158,-115.226200,0, ,0.0,0.0,0.0,0.0,2,6100,0,0,0,0,0,0

APPTR,D25R-A,25R,LAS
IF,LAS,36.079576,-115.159816, ,0.0,0.0,0,0,0,0,0,0,0,0
TF,KACCY,35.813658,-115.247378,0, ,0.0,0.0,0.0,0.0,2,7100,0,0,0,0,0,0
HF,KACCY,35.813658,-115.247378,2, ,0.0,0.0,360.0,04.3,2,7100,0,0,0,0,1,0,0
TF,CINDA,35.878158,-115.226200,0, ,0.0,0.0,0.0,0.0,2,6100,0,0,0,0,0,0

FINAL,D25R-A,25R,D
IF,CINDA,35.878158,-115.226200,LAS,180.0,12.5,2,6100,0,0,0,0,0,0
CF,NICZU,35.926531,-115.210297,0,LAS,180.0,9.5,360.0,3.0,2,5400,0,0,0,0,2,0
CF,55VOR,35.991031,-115.189056,0,LAS,180.0,5.5,360.0,4.0,2,4280,0,0,0,0,0,0
CF,MA360,36.073256,-115.161956,0,LAS,180.0,0.4,360.0,5.1,1,3280,0,0,0,0,3,0
CA,0,360.0,2,5000,0,0,0,0,0,0
DF,BLD,35.995752,-114.863607,2, ,0.0,0.0,2,6000,0,0,0,0,0,0
HM,BLD,35.995752,-114.863607,2, ,0.0,0.0,330.0,04.3,0,0,0,0,0,0,0,0,0

APPTR,I25L,25L,CROWE
IF,CROWE,36.074228,-114.332728, ,0.0,0.0,0,0,0,0,0,0,1,0
TF,CFFMV,36.071617,-114.335944,0, ,0.0,0.0,0.0,0.0,2,8000,0,0,0,0,0,0
TF,PRINO,36.073222,-114.727461,0, ,0.0,0.0,0.0,0.0,2,8000,0,0,0,0,0,0
TF,LARRE,36.073514,-114.836011,0, ,0.0,0.0,0.0,0.0,2,6500,0,0,0,0,0,0
CF,SHAND,36.073647,-114.942839,0,I-RLE,74.9,10.8,255.0,5.2,2,4900,0,0,0,0,0,0

APPTR,I25L,25L,PRINO
IF,PRINO,36.073222,-114.727461, ,0.0,0.0,2,8000,0,0,0,0,1,0
TF,LARRE,36.073514,-114.836011,0, ,0.0,0.0,0.0,0.0,2,6500,0,0,0,0,0,0
CF,SHAND,36.073647,-114.942839,0,I-RLE,74.9,10.8,255.0,5.2,2,4900,0,0,0,0,0,0

FINAL,I25L,25L,I
IF,SHAND,36.073647,-114.942839,I-RLE,74.9,10.8,2,4900,0,0,0,0,0,0
CF,RELIN,36.073686,-115.016631,0,I-RLE,74.9,7.2,255.0,3.6,1,3800,0,0,0,0,2,0
CF,RW25L,36.073658,-115.125825,0,I-RLE,74.9,1.9,255.0,5.3,1,2109,0,0,0,0,3,0
CA,0,255.0,2,3100,0,0,0,0,0,0
DF,BLD,35.995752,-114.863607,2, ,0.0,0.0,2,7000,0,0,0,0,0,0
HM,BLD,35.995752,-114.863607,2, ,0.0,0.0,330.0,04.3,0,0,0,0,0,0,0,0,0

APPTR,I25R,25R,CRESO
IF,CRESO,35.774036,-115.165211, ,0.0,0.0,0,0,0,0,0,0,0,0
TF,BLD,35.995752,-114.863607,0, ,0.0,0.0,0.0,0.0,2,7600,0,0,0,0,1,0
CF,HAWKO,36.076336,-114.911289,0,I-LAS,74.9,12.7,319.0,5.4,2,5400,0,0,0,0,1,0

APPTR,I25R,25R,CROWE
IF,CROWE,36.074228,-114.332728, ,0.0,0.0,0,0,0,0,0,0,0,0
TF,FLYES,36.076067,-114.762781,0, ,0.0,0.0,0.0,0.0,2,8000,0,0,0,0,1,0
TF,FLICR,36.076244,-114.851453,0, ,0.0,0.0,0.0,0.0,2,6500,0,0,0,0,0,0
CF,HAWKO,36.076336,-114.911289,0,I-LAS,74.9,12.7,255.0,2.9,2,5400,0,0,0,0,1,0

FINAL,I25R,25R,I
IF,HAWKO,36.076336,-114.911289,I-LAS,74.9,12.7,2,5400,0,0,0,0,0,0
CF,CONDY,36.076417,-115.016319,0,I-LAS,74.9,7.6,255.0,5.1,1,3800,0,0,0,0,2,0
CF,RW25R,36.076406,-115.125817,0,I-LAS,74.9,2.3,255.0,5.3,1,2104,0,0,0,0,3,0
CA,0,255.0,2,3200,0,0,0,0,0,0
DF,BLD,35.995752,-114.863607,2, ,0.0,0.0,2,6000,0,0,0,0,0,0
HM,BLD,35.995752,-114.863607,2, ,0.0,0.0,330.0,04.3,0,0,0,0,0,0,0,0,0

APPTR,V25L,25L,CRESO
IF,CRESO,35.774036,-115.165211, ,0.0,0.0,0,0,0,0,0,0,0,0
TF,HARFE,35.906358,-114.985522,0, ,0.0,0.0,0.0,0.0,2,7800,0,0,0,0,0,0
TF,BLD,35.995752,-114.863607,0, ,0.0,0.0,0.0,0.0,2,7100,0,0,0,0,1,0
TF,HOCKY,36.048833,-114.871203,0, ,0.0,0.0,0.0,0.0,2,5600,0,0,0,0,0,0

APPTR,V25L,25L,LAS
IF,LAS,36.079576,-115.159816, ,0.0,0.0,0,0,0,0,0,0,0,0
TF,IRISH,36.037900,-114.770572,0, ,0.0,0.0,0.0,0.0,2,7100,0,0,0,0,0,0
HF,IRISH,36.037900,-114.770572,2, ,0.0,0.0,262.0,04.3,2,7100,0,0,0,0,1,0,0
TF,HOCKY,36.048833,-114.871203,0, ,0.0,0.0,0.0,0.0,2,5600,0,0,0,0,0,0

APPTR,V25L,25L,MEADS
IF,MEADS,36.163675,-114.491561, ,0.0,0.0,0,0,0,0,0,0,1,0
TF,IRISH,36.037900,-114.770572,0, ,0.0,0.0,0.0,0.0,2,7100,0,0,0,0,0,0
TF,HOCKY,36.048833,-114.871203,0, ,0.0,0.0,0.0,0.0,2,5600,0,0,0,0,0,0

FINAL,V25L,25L,D
IF,HOCKY,36.048833,-114.871203,LAS,82.4,14.2,2,5600,0,0,0,0,0,0
CF,RACES,36.062019,-114.993664,0,LAS,82.4,8.2,262.0,6.0,2,4500,0,0,0,0,2,0
CF,ALUND,36.076064,-115.125433,0,LAS,82.4,1.7,262.0,6.5,1,2118,0,0,0,0,3,0
CF,LAS,36.079576,-115.159816,0,LAS,0.0,0.0,262.0,1.7,0,0,0,0,0,0,0,0
CA,0,262.0,2,4000,0,0,0,0,0,0
VI,1, ,0.0,70.0,0,0,0,0,0,0,0,0
CF,BLD,35.995752,-114.863607,0,LAS,94.1,15.3,90.0,10.0,2,6000,0,0,0,0,0,0
HM,BLD,35.995752,-114.863607,2, ,0.0,0.0,330.0,04.3,0,0,0,0,0,0,0,0,0

APPTR,V25R,25R,CRESO
IF,CRESO,35.774036,-115.165211, ,0.0,0.0,0,0,0,0,0,0,0,0
TF,HARFE,35.906358,-114.985522,0, ,0.0,0.0,0.0,0.0,2,7800,0,0,0,0,0,0
TF,BLD,35.995752,-114.863607,0, ,0.0,0.0,0.0,0.0,2,7100,0,0,0,0,1,0
TF,HOCKY,36.048833,-114.871203,0, ,0.0,0.0,0.0,0.0,2,5600,0,0,0,0,0,0

APPTR,V25R,25R,LAS
IF,LAS,36.079576,-115.159816, ,0.0,0.0,0,0,0,0,0,0,0,0
TF,IRISH,36.037900,-114.770572,0, ,0.0,0.0,0.0,0.0,2,7100,0,0,0,0,0,0
HF,IRISH,36.037900,-114.770572,2, ,0.0,0.0,262.0,04.3,2,7100,0,0,0,0,1,0,0
TF,HOCKY,36.048833,-114.871203,0, ,0.0,0.0,0.0,0.0,2,5600,0,0,0,0,0,0

APPTR,V25R,25R,MEADS
IF,MEADS,36.163675,-114.491561, ,0.0,0.0,0,0,0,0,0,0,1,0
TF,IRISH,36.037900,-114.770572,0, ,0.0,0.0,0.0,0.0,2,7100,0,0,0,0,0,0
TF,HOCKY,36.048833,-114.871203,0, ,0.0,0.0,0.0,0.0,2,5600,0,0,0,0,0,0

FINAL,V25R,25R,D
IF,HOCKY,36.048833,-114.871203,LAS,82.4,14.2,2,5600,0,0,0,0,0,0
CF,RACES,36.062019,-114.993664,0,LAS,82.4,8.2,262.0,6.0,2,4500,0,0,0,0,2,0
CF,ALUND,36.076064,-115.125433,0,LAS,82.4,1.7,262.0,6.5,1,2122,0,0,0,0,3,0
CF,LAS,36.079576,-115.159816,0,LAS,0.0,0.0,262.0,1.7,0,0,0,0,0,0,0,0
CA,0,262.0,2,4000,0,0,0,0,0,0
VI,1, ,0.0,70.0,0,0,0,0,0,0,0,0
CF,BLD,35.995752,-114.863607,0,LAS,94.1,15.3,90.0,10.0,2,6000,0,0,0,0,0,0
HM,BLD,35.995752,-114.863607,2, ,0.0,0.0,330.0,04.3,0,0,0,0,0,0,0,0,0
