SID,BOACH6,07L,4
VA,0,75.0,2,2681,0,0,0,0,0,0
DF,WASTE,36.076428,-115.073811,0, ,0.0,0.0,0,0,0,0,0,0,0,0
TF,BAKRR,36.075833,-114.953056,0, ,0.0,0.0,0.0,0.0,4,7000,6000,0,0,0,0,0
TF,MINEY,35.961944,-114.899722,0, ,0.0,0.0,0.0,0.0,2,8000,0,0,0,0,0,0
TF,HITME,35.821389,-115.074167,0, ,0.0,0.0,0.0,0.0,0,0,0,0,0,0,0,0
TF,BOACH,35.678228,-115.294689,0, ,0.0,0.0,0.0,0.0,2,13000,0,0,0,0,0,0

SID,BOACH6,07R,4
VA,0,75.0,2,2681,0,0,0,0,0,0
DF,JESJI,36.073672,-115.078536,0, ,0.0,0.0,0,0,0,0,0,0,0,0
TF,BAKRR,36.075833,-114.953056,0, ,0.0,0.0,0.0,0.0,4,7000,6000,0,0,0,0,0
TF,MINEY,35.961944,-114.899722,0, ,0.0,0.0,0.0,0.0,2,8000,0,0,0,0,0,0
TF,HITME,35.821389,-115.074167,0, ,0.0,0.0,0.0,0.0,0,0,0,0,0,0,0,0
TF,BOACH,35.678228,-115.294689,0, ,0.0,0.0,0.0,0.0,2,13000,0,0,0,0,0,0

SID,BOACH6,25L,4
VA,0,255.0,2,2681,0,0,0,0,0,0
DF,PIRMD,36.073503,-115.253056,0, ,0.0,0.0,0,0,0,0,0,0,0,0
TF,ROPPR,35.971186,-115.301664,0, ,0.0,0.0,0.0,0.0,4,7000,4800,0,0,0,0,0
TF,RODDD,35.857358,-115.315097,0, ,0.0,0.0,0.0,0.0,0,0,0,0,0,0,0,0
TF,BOACH,35.678228,-115.294689,0, ,0.0,0.0,0.0,0.0,2,13000,0,0,0,0,0,0

SID,BOACH6,25R,4
VA,0,255.0,2,2681,0,0,0,0,0,0
DF,RBELL,36.076253,-115.252431,0, ,0.0,0.0,0,0,0,0,0,0,0,0
TF,ROPPR,35.971186,-115.301664,0, ,0.0,0.0,0.0,0.0,4,7000,4800,0,0,0,0,0
TF,RODDD,35.857358,-115.315097,0, ,0.0,0.0,0.0,0.0,0,0,0,0,0,0,0,0
TF,BOACH,35.678228,-115.294689,0, ,0.0,0.0,0.0,0.0,2,13000,0,0,0,0,0,0

SID,BOACH6,HEC,6
IF,BOACH,35.678228,-115.294689, ,0.0,0.0,2,13000,0,0,0,0,0,0
TF,HEC,34.797214,-116.462929,0, ,0.0,0.0,0.0,0.0,0,0,0,0,0,0,0,0

SID,HOOVR5,07L,1
VA,0,75.0,2,2581,0,0,0,0,0,0
VM,0,0,0,75.0,0,0,0,0,0,0,0,0
DF,COWBY,35.923567,-113.902761,0, ,0.0,0.0,2,10000,0,0,0,0,0,0

SID,HOOVR5,07R,1
VA,0,75.0,2,2581,0,0,0,0,0,0
VM,0,0,0,75.0,0,0,0,0,0,0,0,0
DF,COWBY,35.923567,-113.902761,0, ,0.0,0.0,2,10000,0,0,0,0,0,0

SID,HOOVR5,25L,1
VD, ,0,0,0,LAS,0.0,0.0,255.0,3.0,0,0,0,0,0,0,0,0
VM,0,0,0,190.0,0,0,0,0,0,0,0,0
DF,COWBY,35.923567,-113.902761,0, ,0.0,0.0,2,10000,0,0,0,0,0,0

SID,HOOVR5,25R,1
VD, ,0,0,0,LAS,0.0,0.0,255.0,3.0,0,0,0,0,0,0,0,0
VM,0,0,0,190.0,0,0,0,0,0,0,0,0
DF,COWBY,35.923567,-113.902761,0, ,0.0,0.0,2,10000,0,0,0,0,0,0

SID,HOOVR5,PGS,3
IF,COWBY,35.923567,-113.902761, ,0.0,0.0,2,10000,0,0,0,0,0,0
TF,PGS,35.624667,-113.544500,0, ,0.0,0.0,0.0,0.0,0,0,0,0,0,0,0,0

SID,MCCRN4,07L,1
VA,0,75.0,2,2581,0,0,0,0,0,0
VM,0,0,0,75.0,0,0,0,0,0,0,0,0

SID,MCCRN4,07R,1
VA,0,75.0,2,2581,0,0,0,0,0,0
VM,0,0,0,75.0,0,0,0,0,0,0,0,0

SID,MCCRN4,25L,1
VD, ,0,0,0,LAS,0.0,0.0,255.0,3.0,2,2581,0,0,0,0,0,0
VM,0,0,0,190.0,0,0,0,0,0,0,0,0

SID,MCCRN4,25R,1
VD, ,0,0,0,LAS,0.0,0.0,255.0,3.0,2,2581,0,0,0,0,0,0
VM,0,0,0,190.0,0,0,0,0,0,0,0,0

SID,SHEAD9,07L,4
VA,0,75.0,2,2681,0,0,0,0,0,0
DF,WASTE,36.076428,-115.073811,0, ,0.0,0.0,0,0,0,0,0,0,0,0
TF,BAKRR,36.075833,-114.953056,0, ,0.0,0.0,0.0,0.0,4,7000,6000,0,0,0,0,0
TF,MINEY,35.961944,-114.899722,0, ,0.0,0.0,0.0,0.0,2,8000,0,0,0,0,0,0
TF,HITME,35.821389,-115.074167,0, ,0.0,0.0,0.0,0.0,0,0,0,0,0,0,0,0
TF,SHEAD,35.895717,-115.971108,0, ,0.0,0.0,0.0,0.0,2,14000,0,0,0,0,0,0

SID,SHEAD9,07R,4
VA,0,75.0,2,2681,0,0,0,0,0,0
DF,JESJI,36.073672,-115.078536,0, ,0.0,0.0,0,0,0,0,0,0,0,0
TF,BAKRR,36.075833,-114.953056,0, ,0.0,0.0,0.0,0.0,4,7000,6000,0,0,0,0,0
TF,MINEY,35.961944,-114.899722,0, ,0.0,0.0,0.0,0.0,2,8000,0,0,0,0,0,0
TF,HITME,35.821389,-115.074167,0, ,0.0,0.0,0.0,0.0,0,0,0,0,0,0,0,0
TF,SHEAD,35.895717,-115.971108,0, ,0.0,0.0,0.0,0.0,2,14000,0,0,0,0,0,0

SID,SHEAD9,25L,4
VA,0,255.0,2,2681,0,0,0,0,0,0
DF,PIRMD,36.073503,-115.253056,0, ,0.0,0.0,0,0,0,0,0,0,0,0
TF,ROPPR,35.971186,-115.301664,0, ,0.0,0.0,0.0,0.0,4,7000,6500,0,0,0,0,0
TF,MDDOG,35.885564,-115.405317,0, ,0.0,0.0,0.0,0.0,1,9000,0,0,0,0,0,0
TF,TARRK,35.890461,-115.649533,0, ,0.0,0.0,0.0,0.0,1,11000,0,0,0,0,0,0
TF,SHEAD,35.895717,-115.971108,0, ,0.0,0.0,0.0,0.0,2,14000,0,0,0,0,0,0

SID,SHEAD9,25R,4
VA,0,255.0,2,2681,0,0,0,0,0,0
DF,RBELL,36.076253,-115.252431,0, ,0.0,0.0,0,0,0,0,0,0,0,0
TF,ROPPR,35.971186,-115.301664,0, ,0.0,0.0,0.0,0.0,4,7000,6500,0,0,0,0,0
TF,MDDOG,35.885564,-115.405317,0, ,0.0,0.0,0.0,0.0,1,9000,0,0,0,0,0,0
TF,TARRK,35.890461,-115.649533,0, ,0.0,0.0,0.0,0.0,1,11000,0,0,0,0,0,0
TF,SHEAD,35.895717,-115.971108,0, ,0.0,0.0,0.0,0.0,2,14000,0,0,0,0,0,0

SID,SHEAD9,KENNO,6
IF,SHEAD,35.895717,-115.971108, ,0.0,0.0,2,14000,0,0,0,0,0,0
TF,DBIGE,36.445767,-116.608225,0, ,0.0,0.0,0.0,0.0,2,21000,0,0,0,0,0,0
TF,BIKKR,36.566667,-116.750000,0, ,0.0,0.0,0.0,0.0,2,21000,0,0,0,0,0,0
TF,KENNO,37.298158,-117.310225,0, ,0.0,0.0,0.0,0.0,0,0,0,0,0,0,0,0

SID,SHEAD9,OAL,6
IF,SHEAD,35.895717,-115.971108, ,0.0,0.0,2,14000,0,0,0,0,0,0
TF,DBIGE,36.445767,-116.608225,0, ,0.0,0.0,0.0,0.0,2,21000,0,0,0,0,0,0
TF,BIKKR,36.566667,-116.750000,0, ,0.0,0.0,0.0,0.0,2,21000,0,0,0,0,0,0
TF,KENNO,37.298158,-117.310225,0, ,0.0,0.0,0.0,0.0,0,0,0,0,0,0,0,0
TF,OAL,38.003333,-117.770500,0, ,0.0,0.0,0.0,0.0,0,0,0,0,0,0,0,0

SID,STAAV7,25L,4
VA,0,255.0,2,2681,0,0,0,0,0,0
DF,POOLZ,36.073611,-115.281944,0, ,0.0,0.0,0,0,0,0,0,0,0,0
TF,TOMIS,36.143611,-115.300556,0, ,0.0,0.0,0.0,0.0,2,5000,0,0,0,0,0,0
TF,BATIS,36.171525,-115.263747,0, ,0.0,0.0,0.0,0.0,2,6000,0,1,220,0,0,0
TF,MEDOE,36.196111,-115.186667,0, ,0.0,0.0,0.0,0.0,2,7000,0,0,0,0,0,0
TF,STAAV,36.200322,-114.782844,0, ,0.0,0.0,0.0,0.0,2,13000,0,0,0,0,0,0

SID,STAAV7,25R,4
VA,0,255.0,2,2681,0,0,0,0,0,0
DF,LEELN,36.076389,-115.281667,0, ,0.0,0.0,0,0,0,0,0,0,0,0
TF,TOMIS,36.143611,-115.300556,0, ,0.0,0.0,0.0,0.0,2,5000,0,0,0,0,0,0
TF,BATIS,36.171525,-115.263747,0, ,0.0,0.0,0.0,0.0,2,6000,0,1,220,0,0,0
TF,MEDOE,36.196111,-115.186667,0, ,0.0,0.0,0.0,0.0,2,7000,0,0,0,0,0,0
TF,STAAV,36.200322,-114.782844,0, ,0.0,0.0,0.0,0.0,2,13000,0,0,0,0,0,0

SID,STAAV7,MLF,6
IF,STAAV,36.200322,-114.782844, ,0.0,0.0,2,13000,0,0,0,0,0,0
TF,FOLDD,36.361189,-114.628900,0, ,0.0,0.0,0.0,0.0,2,17000,0,0,0,0,0,0
TF,DARDN,36.542725,-114.456647,0, ,0.0,0.0,0.0,0.0,0,0,0,0,0,0,0,0
TF,MLF,38.360356,-113.013233,0, ,0.0,0.0,0.0,0.0,0,0,0,0,0,0,0,0

SID,TRALR7,07L,4
VA,0,75.0,2,2681,0,0,0,0,0,0
DF,WASTE,36.076428,-115.073811,0, ,0.0,0.0,0,0,0,0,0,0,0,0
TF,BAKRR,36.075833,-114.953056,0, ,0.0,0.0,0.0,0.0,4,7000,4600,0,0,0,0,0
TF,TRALR,36.193703,-114.244608,0, ,0.0,0.0,0.0,0.0,0,0,0,0,0,0,0,0

SID,TRALR7,07R,4
VA,0,75.0,2,2681,0,0,0,0,0,0
DF,JESJI,36.073672,-115.078536,0, ,0.0,0.0,0,0,0,0,0,0,0,0
TF,BAKRR,36.075833,-114.953056,0, ,0.0,0.0,0.0,0.0,4,7000,4600,0,0,0,0,0
TF,TRALR,36.193703,-114.244608,0, ,0.0,0.0,0.0,0.0,0,0,0,0,0,0,0,0

SID,TRALR7,25L,4
VA,0,255.0,2,2681,0,0,0,0,0,0
DF,PIRMD,36.073503,-115.253056,0, ,0.0,0.0,0,0,0,0,0,0,0,0
TF,ROPPR,35.971186,-115.301664,0, ,0.0,0.0,0.0,0.0,4,7000,5900,0,0,0,0,0
TF,CEASR,35.866400,-115.261914,0, ,0.0,0.0,0.0,0.0,2,8000,0,0,0,0,0,0
TF,FORGE,35.864747,-115.068464,0, ,0.0,0.0,0.0,0.0,0,0,0,0,0,0,0,0
TF,WILLW,35.950214,-114.878047,0, ,0.0,0.0,0.0,0.0,2,14000,0,0,0,0,0,0
TF,TRALR,36.193703,-114.244608,0, ,0.0,0.0,0.0,0.0,0,0,0,0,0,0,0,0

SID,TRALR7,25R,4
VA,0,255.0,2,2681,0,0,0,0,0,0
DF,RBELL,36.076253,-115.252431,0, ,0.0,0.0,0,0,0,0,0,0,0,0
TF,ROPPR,35.971186,-115.301664,0, ,0.0,0.0,0.0,0.0,4,7000,5900,0,0,0,0,0
TF,CEASR,35.866400,-115.261914,0, ,0.0,0.0,0.0,0.0,2,8000,0,0,0,0,0,0
TF,FORGE,35.864747,-115.068464,0, ,0.0,0.0,0.0,0.0,0,0,0,0,0,0,0,0
TF,WILLW,35.950214,-114.878047,0, ,0.0,0.0,0.0,0.0,2,14000,0,0,0,0,0,0
TF,TRALR,36.193703,-114.244608,0, ,0.0,0.0,0.0,0.0,0,0,0,0,0,0,0,0

SID,TRALR7,MLF,6
IF,TRALR,36.193703,-114.244608, ,0.0,0.0,0,0,0,0,0,0,0,0
TF,MLF,38.360356,-113.013233,0, ,0.0,0.0,0.0,0.0,0,0,0,0,0,0,0,0