STAR,KHM1T,ALL,2
IF,KHM,26.762802,55.907839, ,0.0,0.0,0,0,0,0,0,0,0,0
TF,ABM,25.877348,55.023518,0, ,0.0,0.0,0.0,0.0,0,0,0,0,0,0,0,0

STAR,LEN1T,ALL,2
IF,LEN,26.536353,54.851123, ,0.0,0.0,0,0,0,0,0,0,0,0
TF,ABM,25.877348,55.023518,0, ,0.0,0.0,0.0,0.0,0,0,0,0,0,0,0,0

STAR,SIR1T,ALL,2
IF,SIR,25.914373,54.534604, ,0.0,0.0,0,0,0,0,0,0,0,0
TF,ABM,25.877348,55.023518,0, ,0.0,0.0,0.0,0.0,0,0,0,0,0,0,0,0

APPTR,N08,08,ABM
IF,ABM,25.877348,55.023518, ,0.0,0.0,2,4000,0,0,0,0,0,0
FC,ABM,25.877348,55.023518,0,SIR,0.0,0.0,280.0,7.0,1,2000,0,0,0,0,0,1
CF,FN08,25.854508,54.910431,1,SIR,97.0,22.1,75.0,3.0,1,2000,0,0,0,0,0,0

FINAL,N08,08,N
IF,FN08,25.854508,54.910431,ABM,0.0,0.0,1,2000,0,0,0,0,2,0
CF,EN08,25.877467,55.020131,0,ABM,0.0,0.0,75.0,6.1,1,55,0,0,0,0,0,1
CF,ABM,25.877348,55.023518,0,ABM,0.0,0.0,75.0,0.2,2,420,0,0,0,0,3,0
FA,ABM,25.877348,55.023518,0,SIR,0.0,0.0,75.0,2,1400,0,0,0,0,0,0
DF,ABM,25.877348,55.023518,1, ,0.0,0.0,1,4000,0,0,0,0,0,0
HM,ABM,25.877348,55.023518,2, ,0.0,0.0,280.0,04.3,0,0,0,0,0,0,0,0,0

APPTR,N26,26,ABM
IF,ABM,25.877348,55.023518, ,0.0,0.0,2,4000,0,0,0,0,0,0
FC,ABM,25.877348,55.023518,0,SIR,0.0,0.0,67.0,8.8,1,1500,0,0,0,0,0,1
CF,FN26,25.880511,55.128242,2,SIR,92.0,32.2,267.0,3.0,1,1500,0,0,0,0,0,0

FINAL,N26,26,N
IF,FN26,25.880511,55.128242,ABM,0.0,0.0,1,1500,0,0,0,0,2,0
CF,RW26,25.877311,55.044967,0,ABM,0.0,0.0,267.0,4.5,1,63,0,0,0,0,3,0
CF,ABM,25.877348,55.023518,0,SIR,93.1,26.5,267.0,1.2,2,420,0,0,0,0,0,0
FA,ABM,25.877348,55.023518,0,SIR,0.0,0.0,267.0,2,1400,0,0,0,0,0,0
DF,ABM,25.877348,55.023518,2, ,0.0,0.0,1,4000,0,0,0,0,0,0
HM,ABM,25.877348,55.023518,1, ,0.0,0.0,67.0,04.3,0,0,0,0,0,0,0,0,0

APPTR,Q08,08,ABM
IF,ABM,25.877348,55.023518, ,0.0,0.0,2,4000,0,0,0,0,0,0
FD,ABM,25.877348,55.023518,0,ABM,0.0,7.0,287.0,7.0,2,2300,0,0,0,0,0,0
CF,FQ08,25.853669,54.896439,1,ABM,256.0,7.0,76.0,1.0,2,2300,0,0,0,0,0,0

FINAL,Q08,08,N
IF,FQ08,25.853669,54.896439,ABM,0.0,0.0,2,2300,0,0,0,0,2,0
CF,MQ08,25.874578,55.004867,0,ABM,0.0,0.0,76.0,6.0,1,337,0,0,0,0,3,0
FA,MQ08,25.874578,55.004867,0,SIR,0.0,0.0,76.0,2,2000,0,0,0,0,0,0
DF,ABM,25.877348,55.023518,1, ,0.0,0.0,1,4000,0,0,0,0,0,0
HM,ABM,25.877348,55.023518,2, ,0.0,0.0,287.0,04.3,0,0,0,1,230,0,0,0,0

APPTR,Q26,26,ABM
IF,ABM,25.877348,55.023518, ,0.0,0.0,2,4000,0,0,0,0,0,0
FD,ABM,25.877348,55.023518,0,ABM,0.0,10.0,63.0,10.0,2,1600,0,0,0,0,0,0
CF,CQ26,25.886686,55.207497,2,ABM,85.0,10.0,265.0,1.0,2,1600,0,0,0,0,1,0

FINAL,Q26,26,N
IF,CQ26,25.886686,55.207497,ABM,0.0,0.0,2,1600,0,0,0,0,0,0
CF,FQ26,25.882400,55.115217,0,ABM,0.0,0.0,265.0,5.0,2,1200,0,0,0,0,2,0
CF,RW26,25.877311,55.044967,0,ABM,0.0,1.2,265.0,3.8,1,63,0,0,0,0,3,0
CF,ABM,25.877348,55.023518,0,SIR,92.6,26.5,265.0,1.2,2,420,0,0,0,0,0,1
FA,ABM,25.877348,55.023518,0,SIR,0.0,0.0,265.0,2,2000,0,0,0,0,0,0
DF,ABM,25.877348,55.023518,2, ,0.0,0.0,1,4000,0,0,0,0,0,0
HM,ABM,25.877348,55.023518,1, ,0.0,0.0,63.0,04.3,0,0,0,1,230,0,0,0,0
