SID,KHM1H,26,2
CA,0,275.0,2,1000,0,0,0,0,0,0
CI,2, ,0.0,70.0,0,0,0,0,0,0,0,0
CF,KHM,25.877348,55.023518,0,LEN,74.3,58.4,40.0,64.0,0,0,0,0,0,0,0,0

SID,KHM1J,08,2
CA,0,76.0,2,1000,0,0,0,0,0,0
CI,1, ,0.0,10.0,0,0,0,0,0,0,0,0
CF,KHM,25.877348,55.023518,0,LEN,74.3,58.4,40.0,67.0,0,0,0,0,0,0,0,0

SID,LEN1H,26,2
CA,0,275.0,2,1000,0,0,0,0,0,0
CI,2, ,0.0,15.0,0,0,0,0,0,0,0,0
CF,LEN,26.536353,54.851123,0,LEN,0.0,0.0,345.0,35.0,0,0,0,0,0,0,0,0

SID,LEN1J,08,2
CA,0,76.0,2,1000,0,0,0,0,0,0
CI,1, ,0.0,315.0,0,0,0,0,0,0,0,0
CF,LEN,26.536353,54.851123,0,LEN,0.0,0.0,345.0,33.0,0,0,0,0,0,0,0,0

SID,SIR1H,26,2
CA,0,261.0,2,420,0,0,0,0,0,0
CF,SIR,25.914373,54.534604,0,SIR,0.0,0.0,273.0,25.0,0,0,0,0,0,0,0,0

SID,SIR1J,08,2
CA,0,76.0,2,1000,0,0,0,0,0,0
DF,ABM,25.877348,55.023518,1, ,0.0,0.0,0,0,0,0,0,0,0,1
TF,SIR,25.914373,54.534604,2, ,0.0,0.0,0.0,0.0,0,0,0,0,0,0,0,0