STAR,AGID4A,22,2
IF,AGIDA,45.011389,37.878333, ,0.0,0.0,3,8000,0,0,0,0,0,0
TF,D059I,45.100833,37.590278,0, ,0.0,0.0,0.0,0.0,1,2150,0,0,0,0,0,0
TF,D046H,45.117500,37.542500,0, ,0.0,0.0,0.0,0.0,1,1820,0,0,0,0,0,1
CF,FN22,45.071944,37.437222,0,GNV,314.9,38.7,216.0,4.0,1,1820,0,0,0,0,0,0

STAR,AGIDA4,22,2
IF,AGIDA,45.011389,37.878333, ,0.0,0.0,3,8000,0,0,0,0,0,0
TF,AP,45.039907,37.396435,0, ,0.0,0.0,0.0,0.0,1,5000,0,0,0,0,0,1
CF,D359G,45.157222,37.406389,2,GNV,317.9,43.5,36.0,5.0,1,1820,0,0,0,0,0,1
CF,D022H,45.146944,37.471111,2,GNV,320.5,41.4,126.0,2.0,1,1820,0,0,0,0,0,1
CF,FN22,45.071944,37.437222,2,GNV,314.9,38.7,216.0,3.0,1,1820,0,0,0,0,0,0

STAR,SORUL2,04,2
IF,SORUL,45.383056,37.348333, ,0.0,0.0,4,15000,6000,0,0,0,0,0
TF,D249H,44.934722,37.128611,0, ,0.0,0.0,0.0,0.0,1,1780,0,0,0,0,0,1
CF,D230H,44.898056,37.156667,0,SMF,88.8,135.6,126.0,2.0,1,1780,0,0,0,0,0,1
CF,CF04,44.907006,37.225714,0,SMF,88.4,138.5,36.0,2.0,1,1780,0,0,0,0,0,0

FINAL,N04,04,N
IF,CF04,44.907006,37.225714,AN,0.0,0.0,1,1780,0,0,0,0,0,0
CF,FF04,44.931667,37.257778,0,AN,0.0,0.0,36.0,2.0,1,1780,0,0,0,0,2,0
CF,AN,44.969992,37.299308,0,AN,0.0,0.0,36.0,2.9,2,850,0,0,0,0,0,0
CF,N,44.987288,37.323297,0,AN,0.0,0.0,36.0,1.5,1,383,0,0,0,0,3,0
CA,0,36.0,2,1130,0,0,0,0,0,0
VM,0,0,1,216.0,1,1780,0,0,0,0,0,0

FINAL,N22,22,N
IF,FN22,45.071944,37.437222,AP,0.0,0.0,1,1820,0,0,0,0,2,0
CF,AP,45.039907,37.396435,0,AP,0.0,0.0,216.0,3.0,2,890,0,0,0,0,0,0
CF,P,45.022628,37.372401,0,AP,0.0,0.0,216.0,1.3,1,447,0,0,0,0,3,0
CA,0,216.0,2,580,0,0,0,0,0,0
VM,0,0,2,36.0,2,1820,0,0,0,0,0,0
