SID,AGID1,04,2
CA,0,36.0,2,1130,0,0,0,0,0,0
CF,AGIDA,45.011389,37.878333,2,GNV,341.8,27.0,91.0,20.0,1,5000,0,0,0,0,0,0

SID,DIBA1A,04,2
CA,0,36.0,2,1130,0,0,0,0,0,0
CF,DIBAT,44.573056,37.258333,1,SMF,96.4,142.9,179.0,28.0,3,9000,0,0,0,0,0,0

SID,DIBA1B,04,2
CA,0,36.0,2,1130,0,0,0,0,0,0
CF,DIBAT,44.573056,37.258333,2,SMF,96.4,142.9,193.0,26.0,3,9000,0,0,0,0,0,0

SID,DIBAT3,22,2
CF,D216M,44.881111,37.191667,0,GNV,292.1,39.7,216.0,10.0,0,0,0,0,0,0,0,1
CF,DIBAT,44.573056,37.258333,0,GNV,264.3,32.3,162.0,17.0,3,9000,0,0,0,0,0,0

SID,TUNO1A,04,2
CA,0,36.0,2,1130,0,0,0,0,0,0
CF,D243I,44.919444,37.113333,1,SMF,88.4,133.8,216.0,12.0,0,0,0,0,0,0,0,1
CF,TUNOT,44.716389,37.398333,1,SMF,92.7,147.2,121.0,15.0,4,8000,5000,0,0,0,0,0

SID,TUNO1B,04,2
CA,0,36.0,2,1130,0,0,0,0,0,0
CF,TUNOT,44.716389,37.398333,2,SMF,92.7,147.2,184.0,17.0,4,8000,5000,0,0,0,0,0

SID,TUNOT3,22,2
CF,D216M,44.881111,37.191667,0,GNV,292.1,39.7,216.0,10.0,0,0,0,0,0,0,0,1
CF,TUNOT,44.716389,37.398333,1,GNV,282.4,27.7,121.0,11.0,4,8000,5000,0,0,0,0,0