STAR,CLARR3,DAG,1
IF,DAG,34.962384,-116.578128, ,0.0,0.0,0,0,0,0,0,0,0,0
TF,MISEN,35.102350,-116.403850,0, ,0.0,0.0,0.0,0.0,2,24000,0,0,0,0,0,0
TF,CLARR,35.675681,-115.679753,0, ,0.0,0.0,0.0,0.0,1,13000,0,1,250,0,0,0

STAR,CLARR3,ALL,2
IF,CLARR,35.675681,-115.679753, ,0.0,0.0,1,13000,0,1,250,0,0,0
TF,SKEBR,35.757158,-115.575572,0, ,0.0,0.0,0.0,0.0,0,0,0,0,0,0,0,0

STAR,FUZZY8,BTY,1
IF,BTY,36.800583,-116.747647, ,0.0,0.0,0,0,0,0,0,0,0,0
TF,MYCAL,36.460181,-116.264261,0, ,0.0,0.0,0.0,0.0,2,21000,0,0,0,0,0,0
TF,FUZZY,36.200575,-115.900281,0, ,0.0,0.0,0.0,0.0,0,0,0,0,0,0,0,0

STAR,FUZZY8,ALL,2
IF,FUZZY,36.200575,-115.900281, ,0.0,0.0,0,0,0,0,0,0,0,0
TF,IKRIY,36.037536,-115.472881,0, ,0.0,0.0,0.0,0.0,0,0,0,0,0,0,0,0
TF,IPUMY,36.031061,-115.375328,0, ,0.0,0.0,0.0,0.0,0,0,0,0,0,0,0,0
TF,BLD,35.995752,-114.863607,0, ,0.0,0.0,0.0,0.0,0,0,0,0,0,0,0,0

STAR,KADDY2,IGM,1
IF,IGM,35.260535,-113.934130, ,0.0,0.0,0,0,0,0,0,0,0,0
TF,COTES,35.457144,-114.046172,0, ,0.0,0.0,0.0,0.0,3,19000,0,0,0,0,0,0
TF,ZIVSI,35.608819,-114.133053,0, ,0.0,0.0,0.0,0.0,0,0,0,0,0,0,0,0
TF,KADDY,35.742406,-114.383531,0, ,0.0,0.0,0.0,0.0,1,12000,0,1,250,0,0,0

STAR,KADDY2,PGS,1
IF,PGS,35.624667,-113.544500, ,0.0,0.0,0,0,0,0,0,0,0,0
TF,CEJAY,35.679175,-113.927261,0, ,0.0,0.0,0.0,0.0,3,19000,0,0,0,0,0,0
TF,KADDY,35.742406,-114.383531,0, ,0.0,0.0,0.0,0.0,1,12000,0,1,250,0,0,0

STAR,KADDY2,ALL,2
IF,KADDY,35.742406,-114.383531, ,0.0,0.0,1,12000,0,1,250,0,0,0
VM,36.210694,-115.194444,0,325.0,0,0,0,0,0,0,0,0

STAR,LUXOR2,BCE,1
IF,BCE,37.689167,-112.303833, ,0.0,0.0,0,0,0,0,0,0,0,0
TF,KSINO,36.575589,-114.084608,0, ,0.0,0.0,0.0,0.0,0,0,0,0,0,0,0,0
TF,LUXOR,36.394894,-114.480428,0, ,0.0,0.0,0.0,0.0,1,12000,0,1,250,0,0,0

STAR,LUXOR2,BETHL,1
IF,BETHL,36.884417,-112.440431, ,0.0,0.0,0,0,0,0,0,0,0,0
TF,HOLDM,36.818639,-113.544608,0, ,0.0,0.0,0.0,0.0,0,0,0,0,0,0,0,0
TF,KSINO,36.575589,-114.084608,0, ,0.0,0.0,0.0,0.0,0,0,0,0,0,0,0,0
TF,LUXOR,36.394894,-114.480428,0, ,0.0,0.0,0.0,0.0,1,12000,0,1,250,0,0,0

STAR,LUXOR2,MLF,1
IF,MLF,38.360356,-113.013233, ,0.0,0.0,0,0,0,0,0,0,0,0
TF,KSINO,36.575589,-114.084608,0, ,0.0,0.0,0.0,0.0,0,0,0,0,0,0,0,0
TF,LUXOR,36.394894,-114.480428,0, ,0.0,0.0,0.0,0.0,1,12000,0,1,250,0,0,0

STAR,LUXOR2,ALL,2
IF,LUXOR,36.394894,-114.480428, ,0.0,0.0,1,12000,0,1,250,0,0,0
TF,BAMAA,36.133967,-114.731514,0, ,0.0,0.0,0.0,0.0,1,8000,0,1,210,0,0,0
TF,LAS,36.079703,-115.159797,0, ,0.0,0.0,0.0,0.0,0,0,0,0,0,0,0,0

APPTR,I12L,12L,JOKUS
IF,JOKUS,36.350608,-115.371492, ,0.0,0.0,2,6200,0,0,0,0,0,0
TF,KIGGE,36.312517,-115.323139,0, ,0.0,0.0,0.0,0.0,1,5220,0,0,0,0,0,0

FINAL,I12L,12L,I
IF,KIGGE,36.312517,-115.323139, ,0.0,0.0,1,5220,0,0,0,0,2,0
CF,RW12L,36.212422,-115.196419,0,I-HWG,300.3,0.8,120.0,8.6,1,2237,0,0,0,0,3,0
CA,0,120.0,2,2600,0,0,0,0,0,0
VI,2, ,0.0,250.0,0,0,0,0,0,0,0,0
CF,TUPUC,36.216364,-115.277936,0,LAS,310.0,10.0,310.0,6.0,2,6000,0,0,0,0,0,1
CF,LAS,36.079576,-115.159816,2,LAS,0.0,0.0,150.0,10.0,0,0,0,0,0,0,0,0
HM,LAS,36.079576,-115.159816,2, ,0.0,0.0,251.0,04.3,0,0,0,0,0,0,0,0,0

APPTR,P12R,12R,HARLS
IF,HARLS,36.067006,-115.379736, ,0.0,0.0,0,0,0,0,0,0,0,0
TF,AJPOG,36.268825,-115.411653,0, ,0.0,0.0,0.0,0.0,2,10200,0,0,0,0,0,0
TF,SAYQO,36.335042,-115.422161,0, ,0.0,0.0,0.0,0.0,2,8300,0,0,0,0,1,0
TF,AMUWY,36.344125,-115.382461,0, ,0.0,0.0,0.0,0.0,2,7300,0,0,0,0,0,0
TF,KIHMY,36.366778,-115.283167,0, ,0.0,0.0,0.0,0.0,2,5000,0,0,0,0,0,0
TF,ANOCI,36.334644,-115.271992,0, ,0.0,0.0,0.0,0.0,2,4500,0,0,0,0,0,0

FINAL,P12R,12R,G
IF,ANOCI,36.334644,-115.271992, ,0.0,0.0,2,4500,0,0,0,0,0,0
TF,BEWIH,36.286444,-115.255244,0, ,0.0,0.0,0.0,3.0,2,3800,0,0,0,0,2,0
TF,15THR,36.236208,-115.218428,0, ,0.0,0.0,0.0,3.5,2,2700,0,0,0,0,0,0
TF,RW12R,36.214678,-115.202667,0, ,0.0,0.0,0.0,1.5,1,2260,0,0,0,0,3,1
CA,0,135.0,2,2610,0,0,0,0,0,0
VI,0, ,0.0,220.0,0,0,0,0,0,0,0,0
CF,LAS,36.079576,-115.159816,1,LAS,0.0,0.0,120.0,5.3,2,4000,0,0,0,0,0,0

APPTR,P30L,30L,KENUQ
HF,KENUQ,36.143375,-115.001169,2, ,0.0,0.0,260.0,04.3,2,5100,0,0,0,0,1,0,0
TF,APOCY,36.147536,-115.021097,0, ,0.0,0.0,0.0,0.0,2,5100,0,0,0,0,0,0
TF,JAKOP,36.164156,-115.100831,0, ,0.0,0.0,0.0,0.0,2,3900,0,0,0,0,0,0

APPTR,P30L,30L,LAPIN
IF,LAPIN,36.130061,-114.762819, ,0.0,0.0,0,0,0,0,0,0,1,0
TF,KENUQ,36.143375,-115.001169,0, ,0.0,0.0,0.0,0.0,2,5100,0,0,0,0,0,0
TF,APOCY,36.147536,-115.021097,0, ,0.0,0.0,0.0,0.0,2,5100,0,0,0,0,0,0
TF,JAKOP,36.164156,-115.100831,0, ,0.0,0.0,0.0,0.0,2,3900,0,0,0,0,0,0

FINAL,P30L,30L,G
IF,JAKOP,36.164156,-115.100831, ,0.0,0.0,2,3900,0,0,0,0,2,0
TF,30THR,36.180533,-115.136703,0, ,0.0,0.0,0.0,2.0,2,3200,0,0,0,0,0,0
TF,RW30L,36.205081,-115.190544,0, ,0.0,0.0,0.0,3.0,1,2213,0,0,0,0,3,1
CA,0,285.0,2,2610,0,0,0,0,0,0
VI,0, ,0.0,220.0,0,0,0,0,0,0,0,0
CF,LAS,36.079576,-115.159816,1,LAS,0.0,0.0,120.0,9.0,2,4000,0,0,0,0,0,0
