SID,BLD1,07,1
CA,0,75.0,2,2605,0,0,0,0,0,0
VI,2, ,0.0,220.0,0,0,0,0,0,0,0,0
CF,LAS,36.079576,-115.159816,1,LAS,0.0,0.0,120.0,4.0,2,4000,0,0,0,0,0,0
TF,BLD,35.995752,-114.863607,0, ,0.0,0.0,0.0,0.0,2,6000,0,0,0,0,0,0

SID,BLD1,12L,1
CA,0,120.0,2,2605,0,0,0,0,0,0
VI,2, ,0.0,220.0,0,0,0,0,0,0,0,0
CF,LAS,36.079703,-115.159797,1,LAS,0.0,0.0,120.0,5.0,2,4000,0,0,0,0,0,0
TF,BLD,35.995789,-114.863578,0, ,0.0,0.0,0.0,0.0,2,6000,0,0,0,0,0,0

SID,BLD1,12R,1
CA,0,120.0,2,2605,0,0,0,0,0,0
VI,2, ,0.0,220.0,0,0,0,0,0,0,0,0
CF,LAS,36.079703,-115.159797,1,LAS,0.0,0.0,120.0,5.0,2,4000,0,0,0,0,0,0
TF,BLD,35.995789,-114.863578,0, ,0.0,0.0,0.0,0.0,2,6000,0,0,0,0,0,0

SID,BLD1,25,1
CA,0,255.0,2,2605,0,0,0,0,0,0
VI,0, ,0.0,220.0,0,0,0,0,0,0,0,0
CF,LAS,36.079576,-115.159816,1,LAS,0.0,0.0,120.0,9.0,2,4000,0,0,0,0,0,0
TF,BLD,35.995789,-114.863578,0, ,0.0,0.0,0.0,0.0,2,6000,0,0,0,0,0,0

SID,BLD1,30L,1
CA,0,300.0,2,2605,0,0,0,0,0,0
VI,1, ,0.0,220.0,0,0,0,0,0,0,0,0
CF,LAS,36.079576,-115.159816,1,LAS,0.0,0.0,120.0,10.0,2,4000,0,0,0,0,0,0
TF,BLD,35.995789,-114.863578,0, ,0.0,0.0,0.0,0.0,2,6000,0,0,0,0,0,0

SID,BLD1,30R,1
CA,0,300.0,2,2605,0,0,0,0,0,0
VI,1, ,0.0,220.0,0,0,0,0,0,0,0,0
CF,LAS,36.079576,-115.159816,1,LAS,0.0,0.0,120.0,10.0,2,4000,0,0,0,0,0,0
TF,BLD,35.995789,-114.863578,0, ,0.0,0.0,0.0,0.0,2,6000,0,0,0,0,0,0

SID,NOTWN4,25,1
CA,0,255.0,2,2605,0,0,0,0,0,0
VI,0, ,0.0,270.0,2,3700,0,0,0,0,0,0
CF,RUZCO,36.242411,-115.285358,0,LAS,313.0,11.5,313.0,2.0,4,5000,3700,1,240,0,0,1
CF,LAS,36.079576,-115.159816,2,LAS,0.0,0.0,140.0,12.0,2,7000,0,0,0,0,0,0

SID,NOTWN4,30L,1
CA,0,300.0,2,2605,0,0,0,0,0,0
VI,0, ,0.0,270.0,2,3700,0,0,0,0,0,0
CF,RUZCO,36.242411,-115.285358,0,LAS,313.0,11.5,313.0,1.0,4,5000,3700,1,240,0,0,1
CF,LAS,36.079576,-115.159816,2,LAS,0.0,0.0,140.0,12.0,2,7000,0,0,0,0,0,0

SID,NOTWN4,30R,1
CA,0,300.0,2,2605,0,0,0,0,0,0
VI,0, ,0.0,270.0,2,3700,0,0,0,0,0,0
CF,RUZCO,36.242411,-115.285358,0,LAS,313.0,11.5,313.0,1.0,4,5000,3700,1,240,0,0,1
CF,LAS,36.079576,-115.159816,2,LAS,0.0,0.0,140.0,12.0,2,7000,0,0,0,0,0,0

SID,RTTRN2,07,1
CA,0,75.0,2,2610,0,0,0,0,0,0
VI,2, ,0.0,250.0,0,0,0,0,0,0,0,0
CF,RUZCO,36.242411,-115.285358,0,LAS,313.0,11.5,313.0,7.0,4,5000,3700,1,240,0,0,1
CF,LAS,36.079576,-115.159816,2,LAS,0.0,0.0,140.0,12.0,2,7000,0,0,0,0,0,0

SID,RTTRN2,12L,1
CA,0,120.0,2,2605,0,0,0,0,0,0
VI,2, ,0.0,250.0,0,0,0,0,0,0,0,0
CF,RUZCO,36.242411,-115.285358,0,LAS,313.0,11.5,313.0,7.0,4,5000,3700,1,240,0,0,1
CF,LAS,36.079576,-115.159816,2,LAS,0.0,0.0,140.0,12.0,2,7000,0,0,0,0,0,0

SID,RTTRN2,12R,1
CA,0,120.0,2,2605,0,0,0,0,0,0
VI,2, ,0.0,250.0,0,0,0,0,0,0,0,0
CF,RUZCO,36.242411,-115.285358,0,LAS,313.0,11.5,313.0,7.0,4,5000,3700,1,240,0,0,1
CF,LAS,36.079576,-115.159816,2,LAS,0.0,0.0,140.0,12.0,2,7000,0,0,0,0,0,0
