SID,KIS1A,30,2
FA,RW30,25.902931,54.549344,0,SIR,0.0,0.0,304.0,2,1100,0,0,0,0,0,0
CF,KIS,26.525169,53.962352,0,SIR,317.9,47.8,318.0,47.0,0,0,0,0,0,0,0,0

SID,KIS1B,12,2
FA,RW12,25.916206,54.529342,0,SIR,0.0,0.0,124.0,2,1100,0,0,0,0,0,0
VI,1, ,0.0,288.0,0,0,0,0,0,0,0,0
CF,KIS,26.525169,53.962352,0,SIR,317.9,47.8,318.0,44.0,0,0,0,0,0,0,0,0

SID,KIS1C,30,2
FA,RW30,25.902931,54.549344,0,SIR,0.0,0.0,304.0,2,1100,0,0,0,0,0,0
CF,KIS,26.525169,53.962352,0,SIR,317.9,47.8,318.0,47.0,0,0,0,0,0,0,0,0

SID,KIS1D,12,2
FA,RW12,25.916206,54.529342,0,SIR,0.0,0.0,124.0,2,1100,0,0,0,0,0,0
VI,1, ,0.0,288.0,0,0,0,0,0,0,0,0
CF,KIS,26.525169,53.962352,0,KIS,0.0,0.0,318.0,44.0,0,0,0,0,0,0,0,0

