SID,ASMU1A,21L,2
CA,0,206.0,2,430,0,0,0,0,0,0
FA,BND,27.197000,56.366833,0,BND,0.0,0.0,210.0,2,2000,0,0,0,0,0,0
CI,2, ,0.0,315.0,0,0,0,0,0,0,0,0
FA,BND,27.197000,56.366833,0,BND,0.0,0.0,285.0,2,11000,0,0,0,0,0,0
CI,2, ,0.0,29.0,0,0,0,0,0,0,0,0
CF,ASMUK,28.164444,56.081389,0,BND,343.4,59.9,344.0,20.0,0,0,0,0,0,0,0,0

SID,ASMU1B,21L,2
CA,0,206.0,2,430,0,0,0,0,0,0
FA,BND,27.197000,56.366833,0,BND,0.0,0.0,210.0,2,3000,0,0,0,0,0,0
CF,BND,27.197000,56.366833,1,BND,0.0,0.0,8.0,6.0,2,6000,0,0,0,0,0,0
TF,ASMUK,28.164444,56.081389,0, ,0.0,0.0,0.0,0.0,0,0,0,0,0,0,0,0

SID,ASMU1C,03R,2
CA,0,26.0,2,430,0,0,0,0,0,0
VI,0, ,0.0,345.0,0,0,0,0,0,0,0,0
FA,BND,27.197000,56.366833,0,BND,0.0,0.0,15.0,2,8000,0,0,0,0,0,0
VI,0, ,0.0,314.0,0,0,0,0,0,0,0,0
CF,ASMUK,28.164444,56.081389,0,BND,343.4,59.9,344.0,27.0,2,17000,0,0,0,0,0,0

SID,ASMU1D,03R,2
CA,0,26.0,2,430,0,0,0,0,0,0
VI,0, ,0.0,80.0,0,0,0,0,0,0,0,0
FA,BND,27.197000,56.366833,0,BND,0.0,0.0,50.0,2,3000,0,0,0,0,0,0
DF,BND,27.197000,56.366833,2, ,0.0,0.0,2,6000,0,0,0,0,0,0
TF,ASMUK,28.164444,56.081389,0, ,0.0,0.0,0.0,0.0,0,0,0,0,0,0,0,0

SID,ASMU1F,21L,2
CA,0,206.0,2,430,0,0,0,0,0,0
VI,0, ,0.0,240.0,0,0,0,0,0,0,0,0
FA,BND,27.215742,56.359493,0,BND,0.0,0.0,210.0,2,3000,0,0,0,0,0,0
DF,BND,27.215742,56.359493,1, ,0.0,0.0,2,6000,0,0,0,0,0,0
TF,ASMUK,28.164444,56.081389,0, ,0.0,0.0,0.0,0.0,2,17000,0,0,0,0,0,0

SID,ASMU1G,03R,2
CA,0,26.0,2,430,0,0,0,0,0,0
VI,0, ,0.0,345.0,0,0,0,0,0,0,0,0
FA,BND,27.215742,56.359493,0,BND,0.0,0.0,15.0,2,8000,0,0,0,0,0,0
VI,0, ,0.0,314.0,0,0,0,0,0,0,0,0
CF,ASMUK,28.164444,56.081389,0,BND,343.4,59.9,344.0,27.0,2,17000,0,0,0,0,0,0

SID,ASMU1H,03R,2
CI,0, ,0.0,26.0,0,0,0,0,0,0,0,0
FA,BND,27.215742,56.359493,0,BND,0.0,0.0,50.0,2,3000,0,0,0,0,0,0
DF,BND,27.215742,56.359493,2, ,0.0,0.0,2,6000,0,0,0,0,0,0
TF,ASMUK,28.164444,56.081389,0, ,0.0,0.0,0.0,0.0,2,17000,0,0,0,0,0,0

SID,DAVE1A,21L,2
CA,0,206.0,2,430,0,0,0,0,0,0
VI,1, ,0.0,27.0,0,0,0,0,0,0,0,0
CF,DAVEP,27.707222,57.335833,0,BND,57.2,60.1,57.0,55.0,2,15000,0,0,0,0,0,0

SID,DAVE1C,03R,2
CA,0,26.0,2,430,0,0,0,0,0,0
VI,0, ,0.0,87.0,0,0,0,0,0,0,0,0
CF,DAVEP,27.707222,57.335833,0,BND,57.2,60.1,57.0,54.0,2,15000,0,0,0,0,0,0

SID,DAVE1E,21L,2
CA,0,206.0,2,430,0,0,0,0,0,0
VI,1, ,0.0,28.0,0,0,0,0,0,0,0,0
CF,DAVEP,27.707222,57.335833,0,BND,57.2,60.1,58.0,53.0,2,15000,0,0,0,0,0,0

SID,DAVE1G,03R,2
CA,0,26.0,2,430,0,0,0,0,0,0
CF,DAVEP,27.707222,57.335833,0,BND,57.2,60.1,58.0,57.0,2,15000,0,0,0,0,0,0

SID,KHM1K,21L,2
CA,0,206.0,2,430,0,0,0,0,0,0
CF,KHM,26.762802,55.907839,0,BND,221.6,35.8,222.0,35.0,0,0,0,0,0,0,0,0

SID,KHM1L,03R,2
CA,0,26.0,2,430,0,0,0,0,0,0
VI,2, ,0.0,252.0,0,0,0,0,0,0,0,0
CF,KHM,26.762802,55.907839,0,BND,221.6,35.8,222.0,33.0,0,0,0,0,0,0,0,0

SID,MELM1A,21L,2
CA,0,206.0,2,430,0,0,0,0,0,0
CF,MELMI,26.773611,57.383333,1,BND,112.7,60.1,113.0,58.0,0,0,0,0,0,0,0,0

SID,MELM1C,03R,2
CA,0,26.0,2,430,0,0,0,0,0,0
VI,2, ,0.0,143.0,0,0,0,0,0,0,0,0
CF,MELMI,26.773611,57.383333,0,BND,112.7,60.1,113.0,52.0,0,0,0,0,0,0,0,0

SID,MELM1E,21L,2
CA,0,206.0,2,430,0,0,0,0,0,0
CF,MELMI,26.773611,57.383333,1,BND,112.7,60.1,113.0,58.0,0,0,0,0,0,0,0,0

SID,MELM1G,03R,2
CA,0,26.0,2,430,0,0,0,0,0,0
VI,2, ,0.0,143.0,0,0,0,0,0,0,0,0
CF,MELMI,26.773611,57.383333,0,BND,112.7,60.1,113.0,52.0,0,0,0,0,0,0,0,0

SID,MOBO1A,21L,2
CA,0,206.0,2,430,0,0,0,0,0,0
FA,BND,27.197000,56.366833,0,BND,0.0,0.0,210.0,2,2000,0,0,0,0,0,0
VI,2, ,0.0,315.0,0,0,0,0,0,0,0,0
FA,BND,27.197000,56.366833,0,BND,0.0,0.0,285.0,2,11000,0,0,0,0,0,0
VI,0, ,0.0,330.0,0,0,0,0,0,0,0,0
CF,MOBON,27.737222,55.420278,0,BND,300.8,60.0,300.0,17.0,2,13000,0,0,0,0,0,0

SID,MOBO1B,21L,2
CA,0,206.0,2,430,0,0,0,0,0,0
FA,BND,27.197000,56.366833,0,BND,0.0,0.0,210.0,2,3000,0,0,0,0,0,0
CF,BND,27.197000,56.366833,1,BND,0.0,0.0,8.0,6.0,2,6000,0,0,0,0,0,0
FA,BND,27.197000,56.366833,0,BND,0.0,0.0,285.0,2,11000,0,0,0,0,0,0
VI,0, ,0.0,330.0,0,0,0,0,0,0,0,0
CF,MOBON,27.737222,55.420278,0,BND,300.8,60.0,300.0,45.0,0,0,0,0,0,0,0,0

SID,MOBO1D,03R,2
CA,0,26.0,2,430,0,0,0,0,0,0
VI,0, ,0.0,80.0,0,0,0,0,0,0,0,0
FA,BND,27.197000,56.366833,0,BND,0.0,0.0,50.0,2,3000,0,0,0,0,0,0
CF,BND,27.197000,56.366833,2,BND,0.0,0.0,250.0,9.0,2,6000,0,0,0,0,0,0
FA,BND,27.197000,56.366833,0,BND,0.0,0.0,285.0,2,11000,0,0,0,0,0,0
VI,0, ,0.0,330.0,0,0,0,0,0,0,0,0
CF,MOBON,27.737222,55.420278,0,BND,300.8,60.0,300.0,46.0,0,0,0,0,0,0,0,0

SID,MOBO1E,21L,2
CA,0,206.0,2,430,0,0,0,0,0,0
VI,0, ,0.0,240.0,0,0,0,0,0,0,0,0
FA,BND,27.215742,56.359493,0,BND,0.0,0.0,210.0,2,2000,0,0,0,0,0,0
VI,2, ,0.0,315.0,0,0,0,0,0,0,0,0
FA,BND,27.215742,56.359493,0,BND,0.0,0.0,285.0,2,11000,0,0,0,0,0,0
VI,0, ,0.0,330.0,0,0,0,0,0,0,0,0
CF,MOBON,27.737222,55.420278,0,BND,300.8,60.0,300.0,16.0,2,13000,0,0,0,0,0,0

SID,MOBO1F,21L,2
CA,0,206.0,2,430,0,0,0,0,0,0
VI,0, ,0.0,240.0,0,0,0,0,0,0,0,0
FA,BND,27.215742,56.359493,0,BND,0.0,0.0,210.0,2,3000,0,0,0,0,0,0
CF,BND,27.215742,56.359493,1,BND,340.8,1.2,9.0,6.0,2,6000,0,0,0,0,0,0
FA,BND,27.215742,56.359493,0,BND,0.0,0.0,285.0,2,11000,0,0,0,0,0,0
VI,0, ,0.0,330.0,0,0,0,0,0,0,0,0
CF,MOBON,27.737222,55.420278,0,BND,300.8,60.0,300.0,45.0,0,0,0,0,0,0,0,0

SID,MOBO1H,03R,2
CI,0, ,0.0,26.0,0,0,0,0,0,0,0,0
FA,BND,27.215742,56.359493,0,BND,0.0,0.0,50.0,2,3000,0,0,0,0,0,0
CF,BND,27.215742,56.359493,2,BND,340.8,1.2,250.0,6.0,2,6000,0,0,0,0,0,0
FA,BND,27.215742,56.359493,0,BND,0.0,0.0,285.0,2,11000,0,0,0,0,0,0
VI,0, ,0.0,330.0,0,0,0,0,0,0,0,0
CF,MOBON,27.737222,55.420278,0,BND,300.8,60.0,300.0,44.0,0,0,0,0,0,0,0,0

SID,TAVN1B,21L,2
CA,0,206.0,2,430,0,0,0,0,0,0
FA,BND,27.197000,56.366833,0,BND,0.0,0.0,210.0,2,3000,0,0,0,0,0,0
CF,BND,27.197000,56.366833,1,BND,0.0,0.0,8.0,6.0,2,6000,0,0,0,0,0,0
TF,TAVNO,28.186667,56.548056,0, ,0.0,0.0,0.0,0.0,2,17000,0,0,0,0,0,0

SID,TAVN1C,03R,2
CA,0,26.0,2,430,0,0,0,0,0,0
FA,BND,27.197000,56.366833,0,BND,0.0,0.0,15.0,2,8000,0,0,0,0,0,0
VI,0, ,0.0,337.0,0,0,0,0,0,0,0,0
CF,TAVNO,28.186667,56.548056,0,BND,7.2,60.0,7.0,43.0,2,17000,0,0,0,0,0,0

SID,TAVN1D,03R,2
CA,0,26.0,2,430,0,0,0,0,0,0
VI,0, ,0.0,80.0,0,0,0,0,0,0,0,0
FA,BND,27.197000,56.366833,0,BND,0.0,0.0,50.0,2,3000,0,0,0,0,0,0
CF,BND,27.197000,56.366833,2,BND,0.0,0.0,250.0,9.0,2,6000,0,0,0,0,0,0
TF,TAVNO,28.186667,56.548056,2, ,0.0,0.0,0.0,0.0,2,17000,0,0,0,0,0,0

SID,TAVN1F,21L,2
CA,0,206.0,2,430,0,0,0,0,0,0
VI,0, ,0.0,240.0,0,0,0,0,0,0,0,0
FA,BND,27.215742,56.359493,0,BND,0.0,0.0,210.0,2,3000,0,0,0,0,0,0
CF,BND,27.215742,56.359493,1,BND,340.8,1.2,9.0,6.0,2,6000,0,0,0,0,0,0
TF,TAVNO,28.186667,56.548056,0, ,0.0,0.0,0.0,0.0,2,17000,0,0,0,0,0,0

SID,TAVN1G,03R,2
CA,0,26.0,2,430,0,0,0,0,0,0
FA,BND,27.215742,56.359493,0,BND,0.0,0.0,15.0,2,8000,0,0,0,0,0,0
VI,0, ,0.0,339.0,0,0,0,0,0,0,0,0
CF,TAVNO,28.186667,56.548056,0,BND,7.2,60.0,9.0,46.0,2,17000,0,0,0,0,0,0

SID,TAVN1H,03R,2
CI,0, ,0.0,26.0,0,0,0,0,0,0,0,0
FA,BND,27.215742,56.359493,0,BND,0.0,0.0,50.0,2,3000,0,0,0,0,0,0
CF,BND,27.215742,56.359493,2,BND,340.8,1.2,250.0,6.0,2,6000,0,0,0,0,0,0
TF,TAVNO,28.186667,56.548056,2, ,0.0,0.0,0.0,0.0,2,17000,0,0,0,0,0,0

