APPTR,L21LY,21L,ACOSU
IF,ACOSU,36.568925,-114.821731, ,0.0,0.0,2,7000,0,0,0,0,1,0
VI,0, ,0.0,154.0,0,0,0,0,0,0,0,0
CF,BALBE,36.401689,-114.852000,0,IDIQ,29.3,14.3,209.0,4.7,2,5900,0,0,0,0,1,0

FINAL,L21LY,21L,D
IF,BALBE,36.401689,-114.852000,IDIQ,29.3,14.3,2,5900,0,0,0,0,0,0
CF,CARUB,36.326358,-114.934058,0,IDIQ,29.3,8.3,209.0,6.0,2,4000,0,0,0,0,2,0
CF,LATPE,36.289875,-114.973722,0,IDIQ,29.3,5.4,209.0,2.9,2,3180,0,0,0,0,0,0
CF,ENIYO,36.251161,-115.015753,0,IDIQ,27.3,2.3,209.0,3.1,1,2076,0,0,0,0,3,0
CA,0,209.0,2,2270,0,0,0,0,0,0
CF,IREEN,36.223825,-115.044242,0,LAS,18.0,10.3,208.0,1.1,0,0,0,0,0,0,0,0
TF,LAS,36.079576,-115.159816,0, ,0.0,0.0,0.0,0.0,1,8000,0,0,0,0,0,0
HM,LAS,36.079576,-115.159816,2, ,0.0,0.0,198.0,04.3,0,0,0,1,310,0,0,0,0
