STAR,BAGE4B,13R,2
IF,BAGEM,41.598889,44.480556, ,0.0,0.0,1,9000,0,1,220,0,0,0
TF,TB,41.670555,44.946945,0, ,0.0,0.0,73,21.0,1,7000,0,1,220,0,0,0

STAR,BAGE6B,13R,2
IF,LAGAS,41.571944,44.231389, ,0.0,0.0,1,9000,0,1,220,0,0,0
TF,BAGEM,41.598889,44.480556,0, ,0.0,0.0,77,11.0,1,9000,0,1,220,0,0,0

STAR,DF4B,13R,2
IF,GIMUR,42.016667,44.131667, ,0.0,0.0,1,9000,0,1,220,0,0,0
TF,DF,41.916577,44.565533,0, ,0.0,0.0,102,20.0,1,9000,0,1,210,0,0,0

STAR,DF6B,13R,2
IF,DF,41.916577,44.565533, ,0.0,0.0,1,9000,0,1,220,0,0,0
TF,TB,41.670555,44.946945,0, ,0.0,0.0,125,23.0,1,7000,0,1,210,0,0,0

STAR,LAMU4B,13R,2
IF,LAMUS,41.544444,45.523333, ,0.0,0.0,1,9000,0,1,220,0,0,0
TF,TB,41.670555,44.946945,0, ,0.0,0.0,281,27.0,1,7000,0,1,220,0,0,0

STAR,LEGV4B,13R,2
IF,LEGVI,41.4,45.198889, ,0.0,0.0,1,9000,0,1,220,0,0,0
TF,TB,41.670555,44.946945,0, ,0.0,0.0,320,20.0,1,7000,0,1,220,0,0,0

STAR,BAGE3B,31L,2
IF,BAGEM,41.598889,44.480556, ,0.0,0.0,1,9000,0,1,250,0,0,0
TF,TB,41.670555,44.946945,0, ,0.0,0.0,73,21.5,1,6000,0,1,250,0,0,0

STAR,BAGE5B,31L,2
IF,LAGAS,41.571944,44.231389, ,0.0,0.0,1,9000,0,1,250,0,0,0
TF,BAGEM,41.598889,44.480556,0, ,0.0,0.0,77,11.0,1,9000,0,1,250,0,0,0

STAR,BAGE7B,31L,2
IF,BAGEM,41.598889,44.480556, ,0.0,0.0,1,9000,0,1,250,0,0,0
TF,D253Q,41.615000,44.588333,0, ,0.0,0.0,73,5.0,1,9000,0,1,250,0,0,0

STAR,DF3B,31L,2
IF,DF,41.916577,44.565533, ,0.0,0.0,1,9000,0,1,250,0,0,0
TF,TB,41.670555,44.946945,0, ,0.0,0.0,125,23.0,1,6000,0,1,250,0,0,0

STAR,LAMU3B,31L,2
IF,LAMUS,41.544444,45.523333, ,0.0,0.0,1,9000,0,1,250,0,0,0
TF,TB,41.670555,44.946945,0, ,0.0,0.0,281,27.0,1,6000,0,1,250,0,0,0

STAR,LAMU5B,31L,2
IF,LAMUS,41.544444,45.523333, ,0.0,0.0,1,9000,0,1,250,0,0,0
TF,D101Q,41.595000, 45.295000,0, ,0.0,0.0,281,11.0,1,5300,0,1,250,0,0,0

STAR,LEGV3B,31L,2
IF,LEGVI,41.4,45.198889, ,0.0,0.0,1,9000,0,1,250,0,0,0
TF,TB,41.670555,44.946945,0, ,0.0,0.0,320,20.0,1,6000,0,1,250,0,0,0

STAR,OBOR3B,31L,2
IF,OBORA,41.833332,44.465556, ,0.0,0.0,1,9000,0,1,250,0,0,0
TF,TB,41.670555,44.946945,0, ,0.0,0.0,109,24.0,1,6000,0,1,250,0,0,0

APPTR,ILS/DME13R,13R,BAGEM
IF,BAGEM,41.598889,44.480556, ,0.0,0.0,2,9000,0,1,220,0,1,0
CF,D253T,41.604353,44.515686,0,TB,253.6,19.8,73.0,1.6,0,0,0,0,0,0,0,0
CI,0, ,0.0,73.0,0,0,0,0,0,0,0,0
AF,D262Q,41.654922,44.567203,2,TB,262.0,17.1,253.0,2,9000,0,0,0,0,0,0
AF,D289Q,41.785922,44.598847,2,TB,289.0,17.1,262.0,2,7300,0,0,0,0,0,0
AF,D302Q,41.841669,44.642361,2,TB,302.0,17.1,289.0,2,6700,0,0,0,0,0,0
VI,0, ,0.0,70.0,0,0,0,0,0,0,0,0
CF,D312O,41.853056,44.718056,0,TB,311.9,15.0,132.0,2.0,2,6700,0,0,0,0,1,0
CF,CF13R,41.808858,44.773889,0,INA,311.5,12.5,132.0,3.6,2,5200,0,0,0,0,0,0

APPTR,ILS/DME13R,13R,DF
IF,DF,41.916577,44.565533, ,0.0,0.0,2,9000,0,1,210,0,1,0
CF,D312O,41.853056,44.718056,0,TB,311.9,15.0,114.0,8.0,2,6700,0,0,0,0,1,0
CF,CF13R,41.808858,44.773889,0,INA,311.5,12.5,132.0,3.6,2,5200,0,0,0,0,0,0

APPTR,ILS/DME13R,13R,TB
IF,TB,41.670555,44.946945, ,0.0,0.0,2,7000,0,1,220,0,1,0
CF,D296P,41.803611,44.648889,0,TB,295.9,15.6,296.0,15.6,2,6700,0,0,0,0,0,1
CF,D312O,41.853056,44.718056,2,TB,311.9,15.0,132.0,1.0,2,6700,0,0,0,0,1,0
CF,CF13R,41.808858,44.773889,0,INA,311.5,12.5,132.0,3.6,2,5200,0,0,0,0,0,0

FINAL,ILS/DME13R,13R,I
IF,CF13R,41.808858,44.773889,INA,311.5,12.5,2,5200,0,0,0,0,0,0
CF,FI13R,41.792500,44.794722,0,INA,311.6,11.2,132.0,1.4,1,5200,0,0,0,0,2,0
CF,RW13R,41.677817,44.940114,0,INA,311.5,1.7,132.0,9.5,1,1676,0,0,0,0,3,0
FA,RW13R,41.677817,44.940114,0,TB,0.0,0.0,132.0,2,3500,0,0,0,0,0,0
DF,TB,41.670555,44.946945,2, ,0.0,0.0,1,7000,0,0,0,0,0,0

APPTR,VOR/DME13R,13R,BAGEM
IF,BAGEM,41.598889,44.480556, ,0.0,0.0,2,9000,0,1,220,0,1,0
CF,D253T,41.604353,44.515686,0,TB,253.6,19.8,73.0,1.6,0,0,0,0,0,0,0,0
CI,0, ,0.0,73.0,0,0,0,0,0,0,0,0
AF,D262Q,41.654922,44.567203,2,TB,262.0,17.1,253.0,2,9000,0,0,0,0,0,0
AF,D289Q,41.785922,44.598847,2,TB,289.0,17.1,262.0,2,7300,0,0,0,0,0,0
AF,D302Q,41.841669,44.642361,2,TB,302.0,17.1,289.0,2,6700,0,0,0,0,0,0
VI,0, ,0.0,70.0,0,0,0,0,0,0,0,0
CF,D312O,41.853056,44.718056,0,TB,311.9,15.0,132.0,2.0,2,6700,0,0,0,0,1,0
CF,CF13R,41.808858,44.773889,0,TB,312.0,11.5,132.0,3.5,2,5200,0,0,0,0,0,0
CF,FD13R,41.792500,44.794722,0,TB,312.0,10.0,132.0,1.5,2,5200,0,0,0,0,0,0

APPTR,VOR/DME13R,13R,DF
IF,DF,41.916577,44.565533, ,0.0,0.0,2,9000,0,1,210,0,1,0
CF,D312O,41.853056,44.718056,0,TB,311.9,15.0,114.0,8.0,2,6700,0,0,0,0,1,0
CF,CF13R,41.808858,44.773889,0,TB,312.0,11.5,132.0,3.5,2,5200,0,0,0,0,0,0
CF,FD13R,41.792500,44.794722,0,TB,312.0,10.0,132.0,1.5,2,5200,0,0,0,0,0,0

APPTR,VOR/DME13R,13R,TB
IF,TBS,41.670472,44.946889, ,0.0,0.0,2,7000,0,1,220,0,1,0
CF,D296P,41.803611,44.648889,0,TB,295.9,15.6,296.0,15.6,2,6700,0,0,0,0,0,1
CF,D312O,41.853056,44.718056,2,TB,311.9,15.0,132.0,1.0,2,6700,0,0,0,0,1,0
CF,CF13R,41.808858,44.773889,0,TB,312.0,11.5,132.0,3.5,2,5200,0,0,0,0,0,0
CF,FD13R,41.792500,44.794722,0,TB,312.0,10.0,132.0,1.5,2,5200,0,0,0,0,0,0

FINAL,VOR/DME13R,13R,D
IF,FD13R,41.792500,44.794722,TB,312.0,10.0,2,5200,0,0,0,0,2,0
CF,MD13R,41.718192,44.887481,0,TB,312.0,3.9,132.0,6.1,1,2936,0,0,0,0,3,0
CF,TB,41.670555,44.946945,0,TB,0.0,0.0,132.0,3.9,2,2936,0,0,0,0,0,1
FA,TB,41.670555,44.946945,0,TB,0.0,0.0,132.0,2,3500,0,0,0,0,0,0
DF,TB,41.670555,44.946945,2, ,0.0,0.0,1,7000,0,0,0,0,0,0
