SID,DF3A,31L,2
VD, ,0,0,0,TB,0.0,0.0,312.0,10.8,2,5000,0,0,0,0,0,0
CF,DF,41.916667,44.565556,0,TB,305.9,22.6,300.0,12.0,2,10000,0,0,0,0,0,0

SID,DF4A,13R,2
VA,0,132.0,2,3600,0,0,0,0,0,0
CF,DF,41.916667,44.565556,1,TB,305.9,22.6,297.0,27.0,2,10000,0,0,0,0,0,0

SID,DF6A,13R,2
VA,0,132.0,2,2700,0,0,0,0,0,0
DF,D194G,41.560997,44.896700,2, ,0.0,0.0,0,0,0,0,0,0,0,0
TF,DF,41.916667,44.565556,0, ,0.0,0.0,0.0,0.0,2,10000,0,0,0,0,0,0

SID,LAGA2A,13R,2
VA,0,132.0,2,2700,0,0,0,0,0,0
CI,2, ,0.0,300.0,0,0,0,0,0,0,0,0
CF,LAGAS,41.571944,44.231389,0,TB,254.8,32.7,255.0,29.0,2,14000,0,0,0,0,0,0

SID,LAGA3A,31L,2
VD, ,0,0,0,TB,0.0,0.0,312.0,10.8,2,5000,0,0,0,0,0,0
CI,1, ,0.0,200.0,0,0,0,0,0,0,0,0
CF,LAGAS,41.571944,44.231389,0,TB,254.8,32.7,255.0,19.0,2,14000,0,0,0,0,0,0

SID,LAMU3A,31L,2
VD, ,0,0,0,TB,0.0,0.0,312.0,10.8,2,5000,0,0,0,0,0,0
DF,TB,41.670555,44.946945,1, ,0.0,0.0,0,0,0,0,0,0,0,0
TF,LAMUS,41.544444,45.523333,0, ,0.0,0.0,0.0,0.0,2,11000,0,0,0,0,0,0

SID,LAMU4A,13R,2
VA,0,132.0,2,3600,0,0,0,0,0,0
VI,0, ,0.0,116.0,0,0,0,0,0,0,0,0
CF,LAMUS,41.544444,45.523333,0,TB,101.1,27.0,86.0,17.0,2,11000,0,0,0,0,0,0

SID,LAMU6A,13R,2
VA,0,132.0,2,2700,0,0,0,0,0,0
VI,2, ,0.0,267.0,0,0,0,0,0,0,0,0
CF,D222F,41.601383,44.848239,0,TB,222.0,6.1,312.0,2.0,0,0,0,0,0,0,0,1
DF,TB,41.670555,44.946945,2, ,0.0,0.0,0,0,0,0,0,0,0,0
TF,LAMUS,41.544444,45.523333,0, ,0.0,0.0,0.0,0.0,2,11000,0,0,0,0,0,0
