STAR,NEDE2B,13,2
IF,NEDEK,42.002222,41.592778, ,0.0,0.0,1,7000,0,0,0,0,0,0
TF,AKAKI,41.758333,41.371667,0, ,0.0,0.0,209,18.0,1,3500,0,0,0,0,0,0

APPTR,ILS/DME13,13,AKAKI
IF,AKAKI,41.758333,41.371667, ,0.0,0.0,1,3500,0,1,230,0,1,0
CF,CI13,41.732222,41.411111,0,ILU,306.0,10.6,126,3.6,1,3500,0,1,230,0,0,0

FINAL,ILS/DME13,13,I
IF,CI13,41.732222,41.411111,ILU,306.0,10.6,2,3500,0,1,230,0,2,0
CF,RW13,41.617033,41.588886,0,ILU,306.0,1.5,126.0,10.6,1,134,0,0,0,0,3,0
CA,0,126.0,2,510,0,0,0,0,0,0
VM,0,0,1,306.0,1,3500,0,0,0,0,0,0
