STAR,MARA2A,24,2
IF,MARAT,43.846389,43.620278, ,0.0,0.0,4,9000,8000,0,0,0,0,0
TF,NL,43.535011,43.692885,0, ,0.0,0.0,0.0,0.0,4,9000,6000,0,0,0,0,1
CF,D090H,43.521667,43.876667,1,KT,32.3,102.3,72.0,6.0,1,4340,0,0,0,0,0,1
CF,D069H,43.568333,43.866667,1,KT,31.2,104.3,327.0,2.0,1,3020,0,0,0,0,0,1
CF,CF24,43.578436,43.815381,1,KT,29.9,103.5,237.0,1.0,1,3020,0,0,0,0,0,0

STAR,MARA2B,24,2
IF,MARAT,43.846389,43.620278, ,0.0,0.0,4,9000,8000,0,0,0,0,0
TF,D033H,43.641667,43.815000,0, ,0.0,0.0,0.0,0.0,1,3020,0,0,0,0,0,0
TF,D045H,43.616667,43.833333,0, ,0.0,0.0,0.0,0.0,1,3020,0,0,0,0,0,1
CF,CF24,43.578436,43.815381,2,KT,29.9,103.5,237.0,1.0,1,3020,0,0,0,0,0,0

STAR,ODRI2A,24,2
IF,ODRIK,43.433056,43.948611, ,0.0,0.0,4,8000,6000,0,0,0,0,0
TF,NL,43.535011,43.692885,0, ,0.0,0.0,0.0,0.0,4,9000,6000,0,0,0,0,1
CI,0, ,0.0,327.0,0,0,0,0,0,0,0,0
CF,D345E,43.608333,43.675000,2,KT,26.6,101.5,57.0,2.0,0,0,0,0,0,0,0,0
TF,D025H,43.650000,43.786667,0, ,0.0,0.0,0.0,0.0,1,3020,0,0,0,0,0,1
CF,D045H,43.616667,43.833333,2,KT,29.6,105.8,147.0,2.0,1,3020,0,0,0,0,0,1
CF,CF24,43.578436,43.815381,2,KT,29.9,103.5,237.0,1.0,1,3020,0,0,0,0,0,0

STAR,ODRI2B,24,2
IF,ODRIK,43.433056,43.948611, ,0.0,0.0,4,8000,6000,0,0,0,0,0
TF,D080H,43.543333,43.883333,0, ,0.0,0.0,0.0,0.0,1,3020,0,0,0,0,0,0
TF,D069H,43.568333,43.866667,0, ,0.0,0.0,0.0,0.0,1,3020,0,0,0,0,0,1
CF,CF24,43.578436,43.815381,1,KT,29.9,103.5,237.0,1.0,1,3020,0,0,0,0,0,0

STAR,OSLA2A,24,2
IF,SOROL,43.733056,43.165278, ,0.0,0.0,1,11000,0,0,0,0,0,0
TF,OSLAM,43.690000,43.463333,0, ,0.0,0.0,0.0,0.0,1,9000,0,0,0,0,0,0
TF,NL,43.535011,43.692885,0, ,0.0,0.0,0.0,0.0,4,9000,6000,0,0,0,0,1
CF,D090H,43.521667,43.876667,0,KT,32.3,102.3,85.0,7.0,1,4340,0,0,0,0,0,1
CF,D069H,43.568333,43.866667,1,KT,31.2,104.3,327.0,2.0,1,3020,0,0,0,0,0,1
CF,CF24,43.578436,43.815381,1,KT,29.9,103.5,237.0,1.0,1,3020,0,0,0,0,0,0

STAR,OSLA2B,24,2
IF,SOROL,43.733056,43.165278, ,0.0,0.0,1,11000,0,0,0,0,0,0
TF,OSLAM,43.690000,43.463333,0, ,0.0,0.0,0.0,0.0,1,9000,0,0,0,0,0,0
TF,D027H,43.651667,43.798333,0, ,0.0,0.0,0.0,0.0,1,3020,0,0,0,0,0,1
CF,D045H,43.616667,43.833333,0,KT,29.6,105.8,147.0,2.0,1,3020,0,0,0,0,0,1
CF,CF24,43.578436,43.815381,2,KT,29.9,103.5,237.0,1.0,1,3020,0,0,0,0,0,0

STAR,ULANA2,24,2
IF,ULANA,43.316389,43.781944, ,0.0,0.0,1,20000,0,0,0,0,0,0
TF,NL,43.535011,43.692885,0, ,0.0,0.0,0.0,0.0,4,14000,9000,0,0,0,0,1
DF,NL,43.535011,43.692885,2, ,0.0,0.0,1,8000,0,0,0,0,0,1
CI,0, ,0.0,327.0,0,0,0,0,0,0,0,0
CF,D345E,43.608333,43.675000,2,KT,26.6,101.5,57.0,2.0,0,0,0,0,0,0,0,0
TF,D025H,43.650000,43.786667,0, ,0.0,0.0,0.0,0.0,1,3020,0,0,0,0,0,1
CF,D045H,43.616667,43.833333,2,KT,29.6,105.8,147.0,2.0,1,3020,0,0,0,0,0,1
CF,CF24,43.578436,43.815381,2,KT,29.9,103.5,237.0,1.0,1,3020,0,0,0,0,0,0

FINAL,I24,24,I
IF,CF24,43.578436,43.815381,INL,57.0,9.5,1,3020,0,0,0,0,0,0
CF,FI24,43.559122,43.763047,0,INL,57.0,6.9,237.0,2.6,1,3020,0,0,0,0,2,0
CF,RW24,43.516667,43.648333,0,INL,57.0,1.3,237.0,5.6,1,1433,0,0,0,0,3,0
CA,0,237.0,2,1710,0,0,0,0,0,0
VM,0,0,2,41.0,1,3020,0,0,0,0,0,0

FINAL,N24,24,N
IF,CF24,43.578436,43.815381,NL,0.0,0.0,1,3020,0,0,0,0,0,0
CF,NL,43.535011,43.692885,0,NL,0.0,0.0,237.0,6.0,2,2020,0,0,0,0,2,0
CF,MN24,43.526519,43.674961,0,NL,0.0,0.0,237.0,0.9,1,1806,0,0,0,0,3,0
CA,0,237.0,2,1810,0,0,0,0,0,0
VM,0,0,2,41.0,1,3020,0,0,0,0,0,0
