SID,MARA1A,06,2
CF,NL,43.535011,43.692885,0,KT,28.4,98.2,57.0,3.0,2,2120,0,0,0,0,0,1
CF,MARAT,43.846389,43.620278,0,KT,21.7,112.7,342.0,19.0,1,8000,0,0,0,0,0,0

SID,MARA1A,SOROL,3
IF,MARAT,43.846389,43.620278, ,0.0,0.0,1,8000,0,0,0,0,0,0
TF,SOROL,43.733056,43.165278,0, ,0.0,0.0,0.0,0.0,0,0,0,0,0,0,0,0

SID,MARA1A,TERLO,3
IF,MARAT,43.846389,43.620278, ,0.0,0.0,1,8000,0,0,0,0,0,0
TF,TERLO,44.157778,43.541111,0, ,0.0,0.0,0.0,0.0,0,0,0,0,0,0,0,0

SID,MARA1B,06,2
CF,NL,43.535011,43.692885,0,KT,28.4,98.2,57.0,3.0,2,2120,0,0,0,0,0,1
VI,2, ,0.0,17.0,1,4750,0,0,0,0,0,0
CF,MARAT,43.846389,43.620278,0,KT,21.7,112.7,347.0,21.0,1,8000,0,0,0,0,0,0

SID,MARA1B,SOROL,3
IF,MARAT,43.846389,43.620278, ,0.0,0.0,1,8000,0,0,0,0,0,0
TF,SOROL,43.733056,43.165278,0, ,0.0,0.0,0.0,0.0,0,0,0,0,0,0,0,0

SID,MARA1B,TERLO,3
IF,MARAT,43.846389,43.620278, ,0.0,0.0,1,8000,0,0,0,0,0,0
TF,TERLO,44.157778,43.541111,0, ,0.0,0.0,0.0,0.0,0,0,0,0,0,0,0,0

SID,MARA1C,06,2
CF,NL,43.535011,43.692885,0,KT,28.4,98.2,57.0,3.0,2,2120,0,0,0,0,0,1
TF,D054F,43.587900,43.821506,0, ,0.0,0.0,0.0,0.0,1,4750,0,0,0,0,0,1
CF,PEMUL,43.816667,43.733333,0,KT,24.3,113.5,333.0,14.0,0,0,0,0,0,0,0,0
TF,MARAT,43.846389,43.620278,0, ,0.0,0.0,0.0,0.0,1,8000,0,0,0,0,0,0

SID,MARA1C,SOROL,3
IF,MARAT,43.846389,43.620278, ,0.0,0.0,1,8000,0,0,0,0,0,0
TF,SOROL,43.733056,43.165278,0, ,0.0,0.0,0.0,0.0,0,0,0,0,0,0,0,0

SID,MARA1C,TERLO,3
IF,MARAT,43.846389,43.620278, ,0.0,0.0,1,8000,0,0,0,0,0,0
TF,TERLO,44.157778,43.541111,0, ,0.0,0.0,0.0,0.0,0,0,0,0,0,0,0,0

SID,ODRI1A,06,2
CF,NL,43.535011,43.692885,0,KT,28.4,98.2,57.0,3.0,2,2120,0,0,0,0,0,1
CF,ODRIK,43.433056,43.948611,0,KT,35.6,100.3,114.0,12.0,1,9000,0,0,0,0,0,0

SID,ODRI1B,06,2
CF,NL,43.535011,43.692885,0,KT,28.4,98.2,57.0,3.0,2,2120,0,0,0,0,0,1
TF,D054F,43.587900,43.821506,0, ,0.0,0.0,0.0,0.0,1,4750,0,0,0,0,0,1
CF,ODRIK,43.433056,43.948611,2,KT,35.6,100.3,150.0,9.0,1,9000,0,0,0,0,0,0

