SID,RANGE2,14,4
VA,0,141.0,2,6500,0,0,0,0,0,0
DF,TPH,38.030667,-117.033500,1, ,0.0,0.0,2,10000,0,0,0,0,0,0

SID,RANGE2,32,4
VA,0,321.0,2,6500,0,0,0,0,0,0
DF,TPH,38.030667,-117.033500,0, ,0.0,0.0,2,10000,0,0,0,0,0,0

SID,STOFF2,14,1
VI,0, ,0.0,141.0,0,0,0,0,0,0,0,0
CF,STOFF,37.418483,-116.541811,0,TQQ,137.0,25.0,137.0,22.0,2,10000,0,0,0,0,0,0

SID,STOFF2,32,1
CA,0,321.0,2,5950,0,0,0,0,0,0
VI,2, ,0.0,167.0,0,0,0,1,300,0,0,0
CF,STOFF,37.418483,-116.541811,0,TQQ,137.0,25.0,137.0,18.0,2,10000,0,0,0,0,0,0

SID,TPH2,14,1
VA,0,141.0,2,5950,0,0,0,0,0,0
VA,0,137.0,2,6500,0,0,0,0,0,0
DF,TPH,38.030667,-117.033500,1, ,0.0,0.0,2,10000,0,0,0,0,0,0

SID,TPH2,32,1
VI,0, ,0.0,321.0,0,0,0,0,0,0,0,0
CF,TPH,38.030667,-117.033500,0,TPH,0.0,0.0,288.0,11.0,2,10000,0,0,0,0,0,0

SID,TUMBE1,14,4
DF,HOSER,37.749061,-116.754397,0, ,0.0,0.0,2,6225,0,0,0,0,0,0
TF,TUMBE,36.805556,-116.667500,0, ,0.0,0.0,0.0,0.0,0,0,0,0,0,0,0,0

SID,TUMBE1,32,4
VA,0,321.0,2,6225,0,0,0,0,0,0
DF,TUMBE,36.805556,-116.667500,2, ,0.0,0.0,0,0,0,0,0,0,0,0
