STAR,AGID1F,ALL,2
IF,AGIDA,45.011389,37.878333, ,0.0,0.0,2,7000,0,0,0,0,0,0
TF,SM,44.787409,38.796373,0, ,0.0,0.0,0.0,0.0,2,5000,0,0,0,0,0,0

STAR,AGID1F,05C,3
IF,SM,44.787409,38.796373, ,0.0,0.0,2,5000,0,0,0,0,0,0
TF,K,45.021929,39.159769,0, ,0.0,0.0,0.0,0.0,2,3240,0,0,0,0,0,0

STAR,AGID1F,23C,3
IF,SM,44.787409,38.796373, ,0.0,0.0,2,5000,0,0,0,0,0,0
TF,K,45.021929,39.159769,0, ,0.0,0.0,0.0,0.0,2,3240,0,0,0,0,0,0

STAR,AGID1H,05C,2
IF,AGIDA,45.011389,37.878333, ,0.0,0.0,2,7000,0,0,0,0,0,0
TF,SM,44.787409,38.796373,0, ,0.0,0.0,0.0,0.0,2,5000,0,0,0,0,0,0
TF,KN,45.020832,39.163887,0, ,0.0,0.0,0.0,0.0,2,3240,0,0,0,0,0,0

STAR,AGID1J,ALL,2
IF,AGIDA,45.011389,37.878333, ,0.0,0.0,2,7000,0,0,0,0,0,0

STAR,AGID1J,05C,3
IF,AGIDA,45.011389,37.878333, ,0.0,0.0,2,7000,0,0,0,0,0,0
TF,KN,45.020832,39.163887,0, ,0.0,0.0,0.0,0.0,2,3240,0,0,0,0,0,0

STAR,AGID1J,23C,3
IF,AGIDA,45.011389,37.878333, ,0.0,0.0,2,7000,0,0,0,0,0,0
TF,KN,45.020832,39.163887,0, ,0.0,0.0,0.0,0.0,2,3240,0,0,0,0,0,0

STAR,AGID1K,ALL,2
IF,AGIDA,45.011389,37.878333, ,0.0,0.0,2,7000,0,0,0,0,0,0

STAR,AGID1K,05C,3
IF,AGIDA,45.011389,37.878333, ,0.0,0.0,2,7000,0,0,0,0,0,0
TF,SM,44.787409,38.796373,0, ,0.0,0.0,0.0,0.0,2,5000,0,0,0,0,0,0

STAR,AGID1K,23C,3
IF,AGIDA,45.011389,37.878333, ,0.0,0.0,2,7000,0,0,0,0,0,0
TF,SM,44.787409,38.796373,0, ,0.0,0.0,0.0,0.0,2,5000,0,0,0,0,0,0

STAR,AGID1L,05C,2
IF,AGIDA,45.011389,37.878333, ,0.0,0.0,2,7000,0,0,0,0,0,0
TF,D263P,45.020328,38.797636,0, ,0.0,0.0,0.0,0.0,2,3240,0,0,0,0,0,0

STAR,AGID1M,23C,2
IF,AGIDA,45.011389,37.878333, ,0.0,0.0,2,7000,0,0,0,0,0,0
TF,D263N,45.020422,38.828183,0, ,0.0,0.0,0.0,0.0,2,3240,0,0,0,0,0,0

STAR,KULE1F,05C,2
IF,KULED,45.449722,40.565000, ,0.0,0.0,2,10000,0,0,0,0,0,0
TF,RF,45.283243,39.916649,0, ,0.0,0.0,0.0,0.0,0,0,0,0,0,0,0,0
TF,XT,44.966576,39.566650,0, ,0.0,0.0,0.0,0.0,0,0,0,0,0,0,0,0
TF,K,45.021929,39.159769,0, ,0.0,0.0,0.0,0.0,2,3240,0,0,0,0,0,0

STAR,KULE1G,23C,2
IF,KULED,45.449722,40.565000, ,0.0,0.0,2,8000,0,0,0,0,0,0
TF,NZ,45.226576,39.654150,0, ,0.0,0.0,0.0,0.0,2,6000,0,0,0,0,0,0
TF,K,45.021929,39.159769,0, ,0.0,0.0,0.0,0.0,2,3240,0,0,0,0,0,0

STAR,KULE1H,23C,2
IF,KULED,45.449722,40.565000, ,0.0,0.0,2,10000,0,0,0,0,0,0
TF,NZ,45.226576,39.654150,0, ,0.0,0.0,0.0,0.0,0,0,0,0,0,0,0,0
TF,KN,45.020832,39.163887,0, ,0.0,0.0,0.0,0.0,2,3240,0,0,0,0,0,0

STAR,KULE1L,05C,2
IF,KULED,45.449722,40.565000, ,0.0,0.0,2,10000,0,0,0,0,0,0
TF,RF,45.283243,39.916649,0, ,0.0,0.0,0.0,0.0,0,0,0,0,0,0,0,0
TF,XT,44.966576,39.566650,0, ,0.0,0.0,0.0,0.0,3,7000,0,0,0,0,0,0

STAR,KULE1M,23C,2
IF,KULED,45.449722,40.565000, ,0.0,0.0,2,8000,0,0,0,0,0,0
TF,NZ,45.226576,39.654150,0, ,0.0,0.0,0.0,0.0,3,7000,0,0,0,0,0,0

STAR,KURA1F,05C,2
IF,KURAD,44.914722,40.583333, ,0.0,0.0,2,8000,0,0,0,0,0,0
TF,XT,44.966576,39.566650,0, ,0.0,0.0,0.0,0.0,0,0,0,0,0,0,0,0
TF,K,45.021929,39.159769,0, ,0.0,0.0,0.0,0.0,2,3240,0,0,0,0,0,0

STAR,KURA1K,05C,2
IF,KURAD,44.914722,40.583333, ,0.0,0.0,2,8000,0,0,0,0,0,0
TF,XT,44.966576,39.566650,0, ,0.0,0.0,0.0,0.0,3,7000,0,0,0,0,0,0

STAR,MOLI1F,ALL,2
IF,MOLIK,44.366389,39.448333, ,0.0,0.0,2,10000,0,0,0,0,0,0
TF,XT,44.966576,39.566650,0, ,0.0,0.0,0.0,0.0,0,0,0,0,0,0,0,0

STAR,MOLI1F,05C,3
IF,XT,44.966576,39.566650, ,0.0,0.0,0,0,0,0,0,0,0,0
TF,K,45.021929,39.159769,0, ,0.0,0.0,0.0,0.0,2,3240,0,0,0,0,0,0

STAR,MOLI1F,23C,3
IF,XT,44.966576,39.566650, ,0.0,0.0,0,0,0,0,0,0,0,0
TF,K,45.021929,39.159769,0, ,0.0,0.0,0.0,0.0,2,3240,0,0,0,0,0,0

STAR,MOLI1K,ALL,2
IF,MOLIK,44.366389,39.448333, ,0.0,0.0,2,9000,0,0,0,0,0,0

STAR,MOLI1K,05C,3
IF,MOLIK,44.366389,39.448333, ,0.0,0.0,2,9000,0,0,0,0,0,0
TF,XT,44.966576,39.566650,0, ,0.0,0.0,0.0,0.0,3,7000,0,0,0,0,0,0

STAR,MOLI1K,23C,3
IF,MOLIK,44.366389,39.448333, ,0.0,0.0,2,9000,0,0,0,0,0,0
TF,XT,44.966576,39.566650,0, ,0.0,0.0,0.0,0.0,3,7000,0,0,0,0,0,0

STAR,ND1F,05C,2
IF,ND,45.766576,40.233315, ,0.0,0.0,2,16000,0,0,0,0,0,0
TF,LENIR,45.433056,40.015000,0, ,0.0,0.0,0.0,0.0,2,15000,0,0,0,0,0,0
TF,RF,45.283243,39.916649,0, ,0.0,0.0,0.0,0.0,0,0,0,0,0,0,0,0
TF,XT,44.966576,39.566650,0, ,0.0,0.0,0.0,0.0,0,0,0,0,0,0,0,0
TF,K,45.021929,39.159769,0, ,0.0,0.0,0.0,0.0,2,3240,0,0,0,0,0,0

STAR,ND1K,05C,2
IF,ND,45.766576,40.233315, ,0.0,0.0,2,16000,0,0,0,0,0,0
TF,LENIR,45.433056,40.015000,0, ,0.0,0.0,0.0,0.0,2,15000,0,0,0,0,0,0
TF,RF,45.283243,39.916649,0, ,0.0,0.0,0.0,0.0,0,0,0,0,0,0,0,0
TF,XT,44.966576,39.566650,0, ,0.0,0.0,0.0,0.0,3,7000,0,0,0,0,0,0

STAR,OSNI1F,ALL,2
IF,OSNIR,44.642778,38.283889, ,0.0,0.0,2,8000,0,0,0,0,0,0
TF,SM,44.787409,38.796373,0, ,0.0,0.0,0.0,0.0,2,5000,0,0,0,0,0,0

STAR,OSNI1F,05C,3
IF,SM,44.787409,38.796373, ,0.0,0.0,2,5000,0,0,0,0,0,0
TF,K,45.021929,39.159769,0, ,0.0,0.0,0.0,0.0,2,3240,0,0,0,0,0,0

STAR,OSNI1F,23C,3
IF,SM,44.787409,38.796373, ,0.0,0.0,2,5000,0,0,0,0,0,0
TF,K,45.021929,39.159769,0, ,0.0,0.0,0.0,0.0,2,3240,0,0,0,0,0,0

STAR,OSNI1H,05C,2
IF,OSNIR,44.642778,38.283889, ,0.0,0.0,2,8000,0,0,0,0,0,0
TF,SM,44.787409,38.796373,0, ,0.0,0.0,0.0,0.0,2,5000,0,0,0,0,0,0
TF,KN,45.020832,39.163887,0, ,0.0,0.0,0.0,0.0,2,3240,0,0,0,0,0,0

STAR,OSNI1K,ALL,2
IF,OSNIR,44.642778,38.283889, ,0.0,0.0,2,8000,0,0,0,0,0,0

STAR,OSNI1K,05C,3
IF,OSNIR,44.642778,38.283889, ,0.0,0.0,2,8000,0,0,0,0,0,0
TF,SM,44.787409,38.796373,0, ,0.0,0.0,0.0,0.0,2,5000,0,0,0,0,0,0

STAR,OSNI1K,23C,3
IF,OSNIR,44.642778,38.283889, ,0.0,0.0,2,8000,0,0,0,0,0,0
TF,SM,44.787409,38.796373,0, ,0.0,0.0,0.0,0.0,2,5000,0,0,0,0,0,0

STAR,RULA1F,ALL,2
IF,RULAB,44.366389,38.408333, ,0.0,0.0,2,8000,0,0,0,0,0,0
TF,SM,44.787409,38.796373,0, ,0.0,0.0,0.0,0.0,2,5000,0,0,0,0,0,0

STAR,RULA1F,05C,3
IF,SM,44.787409,38.796373, ,0.0,0.0,2,5000,0,0,0,0,0,0
TF,K,45.021929,39.159769,0, ,0.0,0.0,0.0,0.0,2,3240,0,0,0,0,0,0

STAR,RULA1F,23C,3
IF,SM,44.787409,38.796373, ,0.0,0.0,2,5000,0,0,0,0,0,0
TF,K,45.021929,39.159769,0, ,0.0,0.0,0.0,0.0,2,3240,0,0,0,0,0,0

STAR,RULA1H,05C,2
IF,RULAB,44.366389,38.408333, ,0.0,0.0,2,8000,0,0,0,0,0,0
TF,SM,44.787409,38.796373,0, ,0.0,0.0,0.0,0.0,2,5000,0,0,0,0,0,0
TF,KN,45.020832,39.163887,0, ,0.0,0.0,0.0,0.0,2,3240,0,0,0,0,0,0

STAR,RULA1K,ALL,2
IF,RULAB,44.366389,38.408333, ,0.0,0.0,2,8000,0,0,0,0,0,0

STAR,RULA1K,05C,3
IF,RULAB,44.366389,38.408333, ,0.0,0.0,2,8000,0,0,0,0,0,0
TF,SM,44.787409,38.796373,0, ,0.0,0.0,0.0,0.0,2,5000,0,0,0,0,0,0

STAR,RULA1K,23C,3
IF,RULAB,44.366389,38.408333, ,0.0,0.0,2,8000,0,0,0,0,0,0
TF,SM,44.787409,38.796373,0, ,0.0,0.0,0.0,0.0,2,5000,0,0,0,0,0,0

STAR,SIBA1F,ALL,2
IF,SIBAN,44.333056,38.965000, ,0.0,0.0,2,8000,0,0,0,0,0,0
TF,SM,44.787409,38.796373,0, ,0.0,0.0,0.0,0.0,2,5000,0,0,0,0,0,0

STAR,SIBA1F,05C,3
IF,SM,44.787409,38.796373, ,0.0,0.0,2,5000,0,0,0,0,0,0
TF,K,45.021929,39.159769,0, ,0.0,0.0,0.0,0.0,2,3240,0,0,0,0,0,0

STAR,SIBA1F,23C,3
IF,SM,44.787409,38.796373, ,0.0,0.0,2,5000,0,0,0,0,0,0
TF,K,45.021929,39.159769,0, ,0.0,0.0,0.0,0.0,2,3240,0,0,0,0,0,0

STAR,SIBA1H,05C,2
IF,SIBAN,44.333056,38.965000, ,0.0,0.0,2,8000,0,0,0,0,0,0
TF,SM,44.787409,38.796373,0, ,0.0,0.0,0.0,0.0,2,5000,0,0,0,0,0,0
TF,KN,45.020832,39.163887,0, ,0.0,0.0,0.0,0.0,2,3240,0,0,0,0,0,0

STAR,SIBA1K,ALL,2
IF,SIBAN,44.333056,38.965000, ,0.0,0.0,2,8000,0,0,0,0,0,0

STAR,SIBA1K,05C,3
IF,SIBAN,44.333056,38.965000, ,0.0,0.0,2,8000,0,0,0,0,0,0
TF,SM,44.787409,38.796373,0, ,0.0,0.0,0.0,0.0,2,5000,0,0,0,0,0,0

STAR,SIBA1K,23C,3
IF,SIBAN,44.333056,38.965000, ,0.0,0.0,2,8000,0,0,0,0,0,0
TF,SM,44.787409,38.796373,0, ,0.0,0.0,0.0,0.0,2,5000,0,0,0,0,0,0

STAR,SOPA1F,23C,2
IF,SOPAS,45.859444,39.716667, ,0.0,0.0,2,7000,0,0,0,0,0,0
TF,NZ,45.226576,39.654150,0, ,0.0,0.0,0.0,0.0,2,6000,0,0,0,0,0,0
TF,K,45.021929,39.159769,0, ,0.0,0.0,0.0,0.0,2,3240,0,0,0,0,0,0

STAR,SOPA1H,23C,2
IF,SOPAS,45.859444,39.716667, ,0.0,0.0,2,7000,0,0,0,0,0,0
TF,NZ,45.226576,39.654150,0, ,0.0,0.0,0.0,0.0,0,0,0,0,0,0,0,0
TF,KN,45.020832,39.163887,0, ,0.0,0.0,0.0,0.0,2,3240,0,0,0,0,0,0

STAR,SOPA1K,23C,2
IF,SOPAS,45.859444,39.716667, ,0.0,0.0,2,7000,0,0,0,0,0,0
TF,NZ,45.226576,39.654150,0, ,0.0,0.0,0.0,0.0,3,7000,0,0,0,0,0,0

STAR,TEMG1J,ALL,2
IF,TEMGI,45.881667,39.387500, ,0.0,0.0,2,5000,0,0,0,0,0,0

STAR,TEMG1J,05C,3
IF,TEMGI,45.881667,39.387500, ,0.0,0.0,2,5000,0,0,0,0,0,0
TF,KN,45.020832,39.163887,0, ,0.0,0.0,0.0,0.0,2,3240,0,0,0,0,0,0

STAR,TEMG1J,23C,3
IF,TEMGI,45.881667,39.387500, ,0.0,0.0,2,5000,0,0,0,0,0,0
TF,KN,45.020832,39.163887,0, ,0.0,0.0,0.0,0.0,2,3240,0,0,0,0,0,0

STAR,TEMG1L,05C,2
IF,TEMGI,45.881667,39.387500, ,0.0,0.0,2,7000,0,0,0,0,0,0
TF,D003P,45.276917,39.228131,0, ,0.0,0.0,0.0,0.0,2,3240,0,0,0,0,0,0

STAR,TEMG1M,23C,2
IF,TEMGI,45.881667,39.387500, ,0.0,0.0,2,5000,0,0,0,0,0,0
TF,D003N,45.255583,39.222781,0, ,0.0,0.0,0.0,0.0,2,3240,0,0,0,0,0,0

STAR,UH1F,23C,2
IF,UH,45.833243,40.083315, ,0.0,0.0,2,16000,0,0,0,0,0,0
TF,NOBLO,45.481944,39.845000,0, ,0.0,0.0,0.0,0.0,2,15000,0,0,0,0,0,0
TF,NZ,45.226576,39.654150,0, ,0.0,0.0,0.0,0.0,2,6000,0,0,0,0,0,0
TF,K,45.021929,39.159769,0, ,0.0,0.0,0.0,0.0,2,3240,0,0,0,0,0,0

STAR,UH1H,23C,2
IF,UH,45.833243,40.083315, ,0.0,0.0,2,16000,0,0,0,0,0,0
TF,NOBLO,45.481944,39.845000,0, ,0.0,0.0,0.0,0.0,2,15000,0,0,0,0,0,0
TF,NZ,45.226576,39.654150,0, ,0.0,0.0,0.0,0.0,0,0,0,0,0,0,0,0
TF,KN,45.020832,39.163887,0, ,0.0,0.0,0.0,0.0,2,3240,0,0,0,0,0,0

STAR,UH1K,23C,2
IF,UH,45.833243,40.083315, ,0.0,0.0,2,16000,0,0,0,0,0,0
TF,NOBLO,45.481944,39.845000,0, ,0.0,0.0,0.0,0.0,2,15000,0,0,0,0,0,0
TF,NZ,45.226576,39.654150,0, ,0.0,0.0,0.0,0.0,3,7000,0,0,0,0,0,0

STAR,UMBI1F,23C,2
IF,UMBIK,45.068056,40.576667, ,0.0,0.0,2,8000,0,0,0,0,0,0
TF,NZ,45.226576,39.654150,0, ,0.0,0.0,0.0,0.0,2,6000,0,0,0,0,0,0
TF,K,45.021929,39.159769,0, ,0.0,0.0,0.0,0.0,2,3240,0,0,0,0,0,0

STAR,UMBI1H,23C,2
IF,UMBIK,45.068056,40.576667, ,0.0,0.0,2,8000,0,0,0,0,0,0
TF,NZ,45.226576,39.654150,0, ,0.0,0.0,0.0,0.0,0,0,0,0,0,0,0,0
TF,KN,45.020832,39.163887,0, ,0.0,0.0,0.0,0.0,2,3240,0,0,0,0,0,0

STAR,UMBI1K,23C,2
IF,UMBIK,45.068056,40.576667, ,0.0,0.0,2,8000,0,0,0,0,0,0
TF,NZ,45.226576,39.654150,0, ,0.0,0.0,0.0,0.0,3,7000,0,0,0,0,0,0

APPTR,D05C,05C,D003P
IF,D003P,45.276917,39.228131, ,0.0,0.0,2,3240,0,0,0,0,1,0
CI,0, ,0.0,183.0,0,0,0,0,0,0,0,0
AF,D244M,44.947825,38.866861,1,KN,244.0,13.4,3.0,1,1760,0,0,0,0,0,0
CF,D234J,44.943994,38.969217,0,KN,234.0,9.5,54.0,4.0,1,1760,0,0,0,0,1,0
CF,FF05C,44.984519,39.071772,0,KN,234.0,4.5,54.0,5.0,1,1760,0,0,0,0,0,0

APPTR,D05C,05C,D263P
IF,D263P,45.020328,38.797636, ,0.0,0.0,2,3240,0,0,0,0,1,0
CI,0, ,0.0,83.0,0,0,0,0,0,0,0,0
AF,D244M,44.947825,38.866861,1,KN,244.0,13.4,263.0,1,1760,0,0,0,0,0,0
CF,D234J,44.943994,38.969217,0,KN,234.0,9.5,54.0,4.0,1,1760,0,0,0,0,1,0
CF,FF05C,44.984519,39.071772,0,KN,234.0,4.5,54.0,5.0,1,1760,0,0,0,0,0,0

APPTR,D05C,05C,KN1
IF,KN,45.020832,39.163887, ,0.0,0.0,2,3240,0,0,0,0,1,0
FD,KN,45.020832,39.163887,0,KN,0.0,7.9,211.0,7.9,1,1760,0,0,0,0,0,0
CF,FF05C,44.984519,39.071772,2,KN,234.0,4.5,54.0,3.5,1,1760,0,0,0,0,0,0

APPTR,D05C,05C,SM
IF,SM,44.787409,38.796373, ,0.0,0.0,2,5000,0,0,0,0,1,0
CF,D234J,44.943994,38.969217,0,KN,234.0,9.5,28.0,12.5,1,1760,0,0,0,0,1,0
CF,FF05C,44.984519,39.071772,0,KN,234.0,4.5,54.0,5.0,1,1760,0,0,0,0,0,0

APPTR,D05C,05C,XT
IF,XT,44.966576,39.566650, ,0.0,0.0,4,7000,5000,0,0,0,1,0
CF,D094L,44.983392,39.433886,0,KN,94.0,11.7,274.0,6.2,0,0,0,0,0,0,0,0
CI,0, ,0.0,274.0,0,0,0,0,0,0,0,0
AF,D221J,44.914858,38.998611,2,KN,221.0,9.5,94.0,1,1760,0,0,0,0,0,0
CF,FF05C,44.984519,39.071772,0,KN,234.0,4.5,54.0,5.0,1,1760,0,0,0,0,0,0

FINAL,D05C,05C,D
IF,FF05C,44.984519,39.071772,KN,234.0,4.5,1,1760,0,0,0,0,2,0
CF,KN,45.020832,39.163887,0,KN,0.0,0.0,54.0,4.5,1,331,0,0,0,0,3,0
CA,0,54.0,2,1100,0,0,0,0,0,0
DF,KN,45.020832,39.163887,2, ,0.0,0.0,1,1760,0,0,0,0,0,0
HM,KN,45.020832,39.163887,2, ,0.0,0.0,54.0,04.3,0,0,0,0,0,0,0,0,0

APPTR,D23C,23C,D003N
IF,D003N,45.255583,39.222781, ,0.0,0.0,2,3240,0,0,0,0,1,0
CI,0, ,0.0,183.0,0,0,0,0,0,0,0,0
AF,D032L,45.177481,39.343611,2,KN,32.0,12.1,3.0,1,1770,0,0,0,0,0,0
CF,FD23C,45.094761,39.288553,0,KN,43.0,6.9,223.0,5.0,1,1770,0,0,0,0,0,0

APPTR,D23C,23C,D263N
IF,D263N,45.020422,38.828183, ,0.0,0.0,2,3240,0,0,0,0,1,0
CI,0, ,0.0,83.0,0,0,0,0,0,0,0,0
AF,D032L,45.177481,39.343611,2,KN,32.0,12.1,263.0,1,1770,0,0,0,0,0,0
CF,FD23C,45.094761,39.288553,0,KN,43.0,6.9,223.0,5.0,1,1770,0,0,0,0,0,0

APPTR,D23C,23C,KN2
IF,KN,45.020832,39.163887, ,0.0,0.0,2,3240,0,0,0,0,1,0
FD,KN,45.020832,39.163887,0,KN,0.0,10.2,64.0,10.2,1,1770,0,0,0,0,0,0
CF,FD23C,45.094761,39.288553,1,KN,43.0,6.9,223.0,3.0,1,1770,0,0,0,0,0,0

APPTR,D23C,23C,KN3
IF,KN,45.020832,39.163887, ,0.0,0.0,2,3240,0,0,0,0,1,0
FD,KN,45.020832,39.163887,0,KN,0.0,10.2,53.0,10.2,1,1770,0,0,0,0,0,0
CF,FD23C,45.094761,39.288553,1,KN,43.0,6.9,223.0,3.0,1,1770,0,0,0,0,0,0

APPTR,D23C,23C,NZ
IF,NZ,45.226576,39.654150, ,0.0,0.0,4,7000,5000,0,0,0,1,0
CF,D043L,45.150322,39.382486,0,KN,43.0,12.1,245.0,13.0,1,1770,0,0,0,0,1,0
CF,FD23C,45.094761,39.288553,0,KN,43.0,6.9,223.0,5.2,1,1770,0,0,0,0,0,0

APPTR,D23C,23C,SM
IF,SM,44.787409,38.796373, ,0.0,0.0,2,5000,0,0,0,0,1,0
FD,SM,44.787409,38.796373,0,KN,219.4,11.3,39.0,11.3,0,0,0,0,0,0,0,0
CR,0,KN,111.0,73.0,0,0,0,0,0,0,0,0
CI,0, ,0.0,73.0,0,0,0,0,0,0,0,0
AF,D054L,45.118403,39.413286,1,KN,54.0,12.1,111.0,1,1770,0,0,0,0,0,0
CF,FD23C,45.094761,39.288553,0,KN,43.0,6.9,223.0,5.0,1,1770,0,0,0,0,0,0

APPTR,D23C,23C,XT
IF,XT,44.966576,39.566650, ,0.0,0.0,4,7000,5000,0,0,0,1,0
CF,D054L,45.118403,39.413286,0,KN,54.0,12.1,317.0,11.7,1,1770,0,0,0,0,0,1
CF,FD23C,45.094761,39.288553,1,KN,43.0,6.9,223.0,5.0,1,1770,0,0,0,0,0,0

FINAL,D23C,23C,D
IF,FD23C,45.094761,39.288553,KN,43.0,6.9,1,1770,0,0,0,0,2,0
CF,RW23C,45.040944,39.196622,0,KN,41.9,1.8,223.0,5.1,1,169,0,0,0,0,3,0
CF,KN,45.020832,39.163887,0,KN,0.0,0.0,223.0,1.8,2,520,0,0,0,0,0,1
CA,0,223.0,2,1110,0,0,0,0,0,0
DF,KN,45.020832,39.163887,1, ,0.0,0.0,1,1770,0,0,0,0,0,0
HM,KN,45.020832,39.163887,1, ,0.0,0.0,226.0,04.3,0,0,0,0,0,0,0,0,0

FINAL,N05C,05C,N
IF,FF05C,44.984519,39.071772,K,0.0,0.0,1,1760,0,0,0,0,2,0
CF,K,45.021929,39.159769,0,K,0.0,0.0,54.0,4.4,1,366,0,0,0,0,3,0
CA,0,54.0,2,1100,0,0,0,0,0,0
DF,K,45.021929,39.159769,2, ,0.0,0.0,1,1760,0,0,0,0,0,0
HM,K,45.021929,39.159769,2, ,0.0,0.0,54.0,04.3,0,0,0,0,0,0,0,0,0

APPTR,N23C,23C,K
IF,K,45.021929,39.159769, ,0.0,0.0,2,3240,0,0,0,0,1,0
FC,K,45.021929,39.159769,0,KN,0.0,0.0,67.0,8.8,1,1770,0,0,0,0,0,1
CF,FN23C,45.092739,39.288639,1,KN,43.8,6.8,224.0,2.0,1,1770,0,0,0,0,0,0

FINAL,N23C,23C,N
IF,FN23C,45.092739,39.288639,K,0.0,0.0,1,1770,0,0,0,0,2,0
CF,RW23C,45.040944,39.196622,0,K,0.0,0.0,224.0,5.0,1,169,0,0,0,0,3,0
CF,K,45.021929,39.159769,0,KND,235.9,0.1,224.0,1.9,2,1110,0,0,0,0,0,1
DF,K,45.021929,39.159769,1, ,0.0,0.0,1,1770,0,0,0,0,0,0
HM,K,45.021929,39.159769,1, ,0.0,0.0,224.0,04.3,0,0,0,0,0,0,0,0,0