SID,AGID1A,05C,2
CA,0,46.0,2,3070,0,0,0,0,0,0
CF,SM,44.787409,38.796373,2,KN,219.4,21.4,232.0,29.0,2,5000,0,0,0,0,0,0
TF,AGIDA,45.011389,37.878333,0, ,0.0,0.0,0.0,0.0,2,6000,0,0,0,0,0,0

SID,AGID1B,05C,2
CD, ,0,0,0,KN,0,0.0,46.0,3.6,0,0,0,0,0,0,0,0
CA,0,46.0,2,780,0,0,0,0,0,0
DF,KN,45.020832,39.163887,1, ,0.0,0.0,0,0,0,0,0,0,0,0
TF,SM,44.787409,38.796373,0, ,0.0,0.0,0.0,0.0,2,5000,0,0,0,0,0,0
TF,AGIDA,45.011389,37.878333,0, ,0.0,0.0,0.0,0.0,2,6000,0,0,0,0,0,0

SID,AGID1C,05C,2
CD, ,0,0,0,KN,0,0.0,46.0,3.6,0,0,0,0,0,0,0,0
CA,0,46.0,2,780,0,0,0,0,0,0
CF,D316G,45.116522,39.058639,1,KN,315.0,7.3,251.0,7.0,2,3070,0,0,0,0,0,0
CI,0, ,0.0,251.0,0,0,0,0,0,0,0,0
CF,AGIDA,45.011389,37.878333,0,KN,262.9,54.7,263.0,22.0,2,6000,0,0,0,0,0,0

SID,AGID1D,23C,2
CA,0,226.0,2,520,0,0,0,0,0,0
CF,SM,44.787409,38.796373,0,KN,219.4,21.4,219.0,21.0,2,5000,0,0,0,0,0,0
TF,AGIDA,45.011389,37.878333,0, ,0.0,0.0,0.0,0.0,2,6000,0,0,0,0,0,0

SID,AGID1E,23C,2
CD, ,0,0,0,KND,0,0.0,226.0,5.9,0,0,0,0,0,0,0,0
CA,0,226.0,2,1440,0,0,0,0,0,0
CI,0, ,0.0,309.0,0,0,0,0,0,0,0,0
CF,AGIDA,45.011389,37.878333,0,KND,262.9,54.7,263.0,42.0,2,6000,0,0,0,0,0,0

SID,DV1A,05C,2
CA,0,46.0,2,3070,0,0,0,0,0,0
CF,SM,44.787409,38.796373,2,KN,219.4,21.4,232.0,29.0,2,5000,0,0,0,0,0,0
TF,DV,44.320464,38.701374,0, ,0.0,0.0,0.0,0.0,2,8000,0,0,0,0,0,0

SID,DV1B,05C,2
CD, ,0,0,0,KN,0,0.0,46.0,3.6,0,0,0,0,0,0,0,0
CA,0,46.0,2,780,0,0,0,0,0,0
DF,KN,45.020832,39.163887,1, ,0.0,0.0,0,0,0,0,0,0,0,0
TF,SM,44.787409,38.796373,0, ,0.0,0.0,0.0,0.0,2,5000,0,0,0,0,0,0
TF,DV,44.320464,38.701374,0, ,0.0,0.0,0.0,0.0,2,8000,0,0,0,0,0,0

SID,DV1D,23C,2
CA,0,226.0,2,520,0,0,0,0,0,0
CF,SM,44.787409,38.796373,0,KN,219.4,21.4,219.0,21.0,2,5000,0,0,0,0,0,0
TF,DV,44.320464,38.701374,0, ,0.0,0.0,0.0,0.0,2,8000,0,0,0,0,0,0

SID,KULE1A,05C,2
CD, ,0,0,0,KN,0,0.0,46.0,3.6,0,0,0,0,0,0,0,0
CA,0,46.0,2,780,0,0,0,0,0,0
CF,NZ,45.226576,39.654150,0,KN,54.1,24.7,56.0,19.0,0,0,0,0,0,0,0,0
TF,KULED,45.449722,40.565000,0, ,0.0,0.0,0.0,0.0,2,7000,0,0,0,0,0,0

SID,KULE1D,23C,2
CA,0,226.0,2,520,0,0,0,0,0,0
CF,XT,44.966576,39.566650,1,KN,94.2,17.9,81.0,16.0,0,0,0,0,0,0,0,0
TF,RF,45.283243,39.916649,0, ,0.0,0.0,0.0,0.0,0,0,0,0,0,0,0,0
TF,KULED,45.449722,40.565000,0, ,0.0,0.0,0.0,0.0,2,9000,0,0,0,0,0,0

SID,KURA1D,23C,2
CA,0,226.0,2,520,0,0,0,0,0,0
CF,XT,44.966576,39.566650,1,KN,94.2,17.9,81.0,16.0,0,0,0,0,0,0,0,0
TF,KURAD,44.914722,40.583333,0, ,0.0,0.0,0.0,0.0,2,7000,0,0,0,0,0,0

SID,ND1D,23C,2
CA,0,226.0,2,520,0,0,0,0,0,0
CF,XT,44.966576,39.566650,1,KN,94.2,17.9,81.0,16.0,0,0,0,0,0,0,0,0
TF,RF,45.283243,39.916649,0, ,0.0,0.0,0.0,0.0,0,0,0,0,0,0,0,0
TF,LENIR,45.433056,40.015000,0, ,0.0,0.0,0.0,0.0,2,15000,0,0,0,0,0,0
TF,ND,45.766576,40.233315,0, ,0.0,0.0,0.0,0.0,2,15000,0,0,0,0,0,0

SID,OSNI1A,05C,2
CA,0,46.0,2,3070,0,0,0,0,0,0
CF,SM,44.787409,38.796373,2,KN,219.4,21.4,232.0,29.0,2,5000,0,0,0,0,0,0
TF,OSNIR,44.642778,38.283889,0, ,0.0,0.0,0.0,0.0,2,7000,0,0,0,0,0,0

SID,OSNI1B,05C,2
CD, ,0,0,0,KN,0,0.0,46.0,3.6,0,0,0,0,0,0,0,0
CA,0,46.0,2,780,0,0,0,0,0,0
DF,KN,45.020832,39.163887,1, ,0.0,0.0,0,0,0,0,0,0,0,0
TF,SM,44.787409,38.796373,0, ,0.0,0.0,0.0,0.0,2,5000,0,0,0,0,0,0
TF,OSNIR,44.642778,38.283889,0, ,0.0,0.0,0.0,0.0,2,7000,0,0,0,0,0,0

SID,OSNI1D,23C,2
CA,0,226.0,2,520,0,0,0,0,0,0
CF,SM,44.787409,38.796373,0,KN,219.4,21.4,219.0,21.0,2,5000,0,0,0,0,0,0
TF,OSNIR,44.642778,38.283889,0, ,0.0,0.0,0.0,0.0,2,7000,0,0,0,0,0,0

SID,RULA1A,05C,2
CA,0,46.0,2,3070,0,0,0,0,0,0
CF,SM,44.787409,38.796373,2,KN,219.4,21.4,232.0,29.0,2,5000,0,0,0,0,0,0
TF,RULAB,44.366389,38.408333,0, ,0.0,0.0,0.0,0.0,2,7000,0,0,0,0,0,0

SID,RULA1B,05C,2
CD, ,0,0,0,KN,0,0.0,46.0,3.6,0,0,0,0,0,0,0,0
CA,0,46.0,2,780,0,0,0,0,0,0
DF,KN,45.020832,39.163887,1, ,0.0,0.0,0,0,0,0,0,0,0,0
TF,SM,44.787409,38.796373,0, ,0.0,0.0,0.0,0.0,2,5000,0,0,0,0,0,0
TF,RULAB,44.366389,38.408333,0, ,0.0,0.0,0.0,0.0,2,7000,0,0,0,0,0,0

SID,RULA1D,23C,2
CA,0,226.0,2,520,0,0,0,0,0,0
CF,SM,44.787409,38.796373,0,KN,219.4,21.4,219.0,21.0,2,5000,0,0,0,0,0,0
TF,RULAB,44.366389,38.408333,0, ,0.0,0.0,0.0,0.0,2,7000,0,0,0,0,0,0

SID,SOPA1A,05C,2
CD, ,0,0,0,KN,0,0.0,46.0,3.6,0,0,0,0,0,0,0,0
CA,0,46.0,2,780,0,0,0,0,0,0
CF,NZ,45.226576,39.654150,0,KN,54.1,24.7,56.0,19.0,0,0,0,0,0,0,0,0
TF,SOPAS,45.859444,39.716667,0, ,0.0,0.0,0.0,0.0,2,8000,0,0,0,0,0,0

SID,TEMG1A,05C,2
CD, ,0,0,0,KN,0,0.0,46.0,3.6,0,0,0,0,0,0,0,0
CA,0,46.0,2,780,0,0,0,0,0,0
CI,0, ,0.0,318.0,0,0,0,0,0,0,0,0
CF,TEMGI,45.881667,39.387500,0,KN,3.3,52.5,3.0,44.0,2,6000,0,0,0,0,0,0

SID,TEMG1D,23C,2
CA,0,226.0,2,520,0,0,0,0,0,0
CI,1, ,0.0,318.0,0,0,0,0,0,0,0,0
CF,TEMGI,45.881667,39.387500,0,KN,3.3,52.5,3.0,51.0,2,6000,0,0,0,0,0,0

SID,TEMG1E,23C,2
CD, ,0,0,0,KN,0,0.0,226.0,5.9,0,0,0,0,0,0,0,0
CA,0,226.0,2,1440,0,0,0,0,0,0
CR,0,KN,268.0,309.0,2,3080,0,0,0,0,0,0
CI,2, ,0.0,72.0,0,0,0,0,0,0,0,0
CF,TEMGI,45.881667,39.387500,0,KN,3.3,52.5,3.0,47.0,2,6000,0,0,0,0,0,0

SID,UH1A,05C,2
CD, ,0,0,0,KN,0,0.0,46.0,3.6,0,0,0,0,0,0,0,0
CA,0,46.0,2,780,0,0,0,0,0,0
CF,NZ,45.226576,39.654150,0,KN,54.1,24.7,56.0,19.0,0,0,0,0,0,0,0,0
TF,NOBLO,45.481944,39.845000,0, ,0.0,0.0,0.0,0.0,2,15000,0,0,0,0,0,0
TF,UH,45.833243,40.083315,0, ,0.0,0.0,0.0,0.0,2,15000,0,0,0,0,0,0

SID,UH1B,05C,2
CD, ,0,0,0,KN,0,0.0,46.0,3.6,0,0,0,0,0,0,0,0
CA,0,46.0,2,780,0,0,0,0,0,0
VI,0, ,0.0,1.0,0,0,0,0,0,0,0,0
CF,UH,45.833243,40.083315,0,KN,30.8,63.4,31.0,57.0,2,15000,0,0,0,0,0,0

SID,UH1C,05C,2
CA,0,46.0,2,1760,0,0,0,0,0,0
CR,2,KN,136.0,218.0,0,0,0,0,0,0,0,0
DF,NZ,45.226576,39.654150,2, ,0.0,0.0,0,0,0,0,0,0,0,0
TF,NOBLO,45.481944,39.845000,0, ,0.0,0.0,0.0,0.0,2,15000,0,0,0,0,0,0
TF,UH,45.833243,40.083315,0, ,0.0,0.0,0.0,0.0,2,15000,0,0,0,0,0,0

SID,UMBI1A,05C,2
CD, ,0,0,0,KN,0,0.0,46.0,3.6,0,0,0,0,0,0,0,0
CA,0,46.0,2,780,0,0,0,0,0,0
CF,NZ,45.226576,39.654150,0,KN,54.1,24.7,56.0,19.0,0,0,0,0,0,0,0,0
TF,UMBIK,45.068056,40.576667,0, ,0.0,0.0,0.0,0.0,2,7000,0,0,0,0,0,0

