STAR,BUBI2A,12,5
IF,BUBIN,24.961667,56.111667, ,0.0,0.0,0,0,0,0,0,0,0,0
TF,SODAD,25.038889,55.957222,0, ,0.0,0.0,0.0,0.0,3,13000,0,1,230,0,0,0
TF,LOROT,24.872486,55.821425,0, ,0.0,0.0,0.0,0.0,0,0,0,0,0,0,0,0
TF,BONUN,24.773200,55.500956,0, ,0.0,0.0,0.0,0.0,2,4000,0,0,0,0,0,0
TF,ITPUT,25.066572,54.971314,0, ,0.0,0.0,0.0,0.0,0,0,0,1,210,0,0,0
TF,RARMA,25.171128,54.943011,0, ,0.0,0.0,0.0,0.0,0,0,0,0,0,0,0,0
TF,BORAP,25.145303,54.828128,0, ,0.0,0.0,0.0,0.0,0,0,0,0,0,0,0,0
TF,IVALA,25.068778,54.848917,0, ,0.0,0.0,0.0,0.0,2,2000,0,1,185,0,0,0

STAR,BUBI2Z,30,5
IF,BUBIN,24.961667,56.111667, ,0.0,0.0,0,0,0,0,0,0,0,0
TF,SODAD,25.038889,55.957222,0, ,0.0,0.0,0.0,0.0,3,13000,0,1,230,0,0,0
TF,LOROT,24.872486,55.821425,0, ,0.0,0.0,0.0,0.0,0,0,0,0,0,0,0,0
TF,BONUN,24.773200,55.500956,0, ,0.0,0.0,0.0,0.0,2,4000,0,1,210,0,0,0
TF,GEXIK,24.775847,55.378861,0, ,0.0,0.0,0.0,0.0,2,2000,0,1,185,0,0,0

STAR,DESD2A,12,5
IF,DESDI,25.600833,54.708333, ,0.0,0.0,0,0,0,0,0,0,0,0
TF,EGTIS,25.402281,55.070622,0, ,0.0,0.0,0.0,0.0,3,13000,0,1,230,0,0,0
TF,IVALA,25.068778,54.848917,0, ,0.0,0.0,0.0,0.0,2,2000,0,1,185,0,0,0

STAR,DESD2Z,30,5
IF,DESDI,25.600833,54.708333, ,0.0,0.0,0,0,0,0,0,0,0,0
TF,GINRU,25.351000,55.243000,0, ,0.0,0.0,0.0,0.0,3,13000,0,1,230,0,0,0
TF,NOTRU,25.127192,55.181225,0, ,0.0,0.0,0.0,0.0,0,0,0,0,0,0,0,0
TF,OTOLO,24.998172,55.095325,0, ,0.0,0.0,0.0,0.0,0,0,0,0,0,0,0,0
TF,BONUN,24.773200,55.500956,0, ,0.0,0.0,0.0,0.0,2,4000,0,1,210,0,0,0
TF,ODBEV,24.696569,55.521272,0, ,0.0,0.0,0.0,0.0,0,0,0,0,0,0,0,0
TF,DW702,24.677997,55.437403,0, ,0.0,0.0,0.0,0.0,0,0,0,0,0,0,0,0
TF,GEXIK,24.775847,55.378861,0, ,0.0,0.0,0.0,0.0,2,2000,0,1,185,0,0,0

STAR,MIAD2A,12,5
IF,MIADA,24.853333,54.960000, ,0.0,0.0,0,0,0,1,230,0,0,0
TF,ALRIG,24.907222,54.967500,0, ,0.0,0.0,0.0,0.0,0,0,0,0,0,0,0,0
TF,ITPUT,25.066572,54.971314,0, ,0.0,0.0,0.0,0.0,0,0,0,1,210,0,0,0
TF,RARMA,25.171128,54.943011,0, ,0.0,0.0,0.0,0.0,0,0,0,0,0,0,0,0
TF,BORAP,25.145303,54.828128,0, ,0.0,0.0,0.0,0.0,0,0,0,0,0,0,0,0
TF,IVALA,25.068778,54.848917,0, ,0.0,0.0,0.0,0.0,2,2000,0,1,185,0,0,0

STAR,MIAD2Z,30,5
IF,MIADA,24.853333,54.960000, ,0.0,0.0,0,0,0,1,230,0,0,0
TF,ORPAT,24.878950,55.016139,0, ,0.0,0.0,0.0,0.0,0,0,0,0,0,0,0,0
TF,SOBOB,24.671244,55.390892,0, ,0.0,0.0,0.0,0.0,0,0,0,1,210,0,0,0
TF,UKSUL,24.742778,55.438611,0, ,0.0,0.0,0.0,0.0,0,0,0,0,0,0,0,0
TF,GEXIK,24.775847,55.378861,0, ,0.0,0.0,0.0,0.0,2,2000,0,1,185,0,0,0

APPTR,I12,12,IVALA
IF,IVALA,25.068778,54.848917, ,0.0,0.0,2,2000,0,1,185,0,1,0
CF,LADMO,25.016917,54.943194,0,IJEA,299.3,15.3,119.0,6.0,2,2000,0,0,0,0,1,0

FINAL,I12,12,I
IF,LADMO,25.016917,54.943194,IJEA,299.3,15.3,1,2000,0,0,0,0,0,0
CF,DW661,24.956333,55.053028,0,IJEA,299.2,8.3,119.0,7.0,1,2000,0,0,0,0,2,0
CF,RW12,24.907150,55.142069,0,IJEA,299.2,2.6,119.0,5.7,1,165,0,0,0,0,3,1
DF,REVUL,24.794861,55.344694,0, ,0.0,0.0,1,2000,0,1,210,0,0,1
HM,REVUL,24.794861,55.344694,1, ,0.0,0.0,299.0,04.3,1,2000,0,1,230,0,0,0,0

APPTR,I30,30,GEXIK
IF,GEXIK,24.775847,55.378861, ,0.0,0.0,2,2000,0,1,185,0,1,0
CF,REVUL,24.794861,55.344694,0,IJWA,119.2,13.1,299.0,2.2,2,2000,0,0,0,0,1,0

FINAL,I30,30,I
IF,REVUL,24.794861,55.344694,IJWA,119.2,13.1,1,2000,0,0,0,0,0,0
CF,DW761,24.838278,55.266417,0,IJWA,119.2,8.1,299.0,5.0,1,2000,0,0,0,0,2,0
CF,RW30,24.886078,55.180150,0,IJWA,119.2,2.6,299.0,5.5,1,221,0,0,0,0,3,1
DF,LADMO,25.016917,54.943194,0, ,0.0,0.0,1,2000,0,1,210,0,0,1
HM,LADMO,25.016917,54.943194,1, ,0.0,0.0,119.0,04.3,1,2000,0,1,230,0,0,0,0

APPTR,R12,12,IVALA
IF,IVALA,25.068778,54.848917, ,0.0,0.0,2,2000,0,1,185,0,1,0
TF,LADMO,25.016917,54.943194,0, ,0.0,0.0,0.0,0.0,2,2000,0,0,0,0,1,0

FINAL,R12,12,G
IF,LADMO,25.016917,54.943194, ,0.0,0.0,2,2000,0,0,0,0,0,0
TF,DW660,24.960667,55.045194,0, ,0.0,0.0,119.0,6.5,1,2000,0,0,0,0,2,0
TF,RW12,24.907150,55.142069,0, ,0.0,0.0,119.0,6.2,1,165,0,0,0,0,3,1
DF,REVUL,24.794861,55.344694,0, ,0.0,0.0,1,2000,0,1,210,0,0,1
HM,REVUL,24.794861,55.344694,1, ,0.0,0.0,299.0,04.3,1,2000,0,1,230,0,0,0,0

APPTR,R30,30,GEXIK
IF,GEXIK,24.775847,55.378861, ,0.0,0.0,2,2000,0,1,185,0,1,0
TF,REVUL,24.794861,55.344694,0, ,0.0,0.0,0.0,0.0,2,2000,0,0,0,0,1,0

FINAL,R30,30,G,3
IF,REVUL,24.794861,55.344694, ,0.0,0.0,2,2000,0,0,0,0,0,0
TF,DW760,24.834083,55.273972,0, ,0.0,0.0,299.0,4.5,1,2000,0,0,0,0,2,0
TF,RW30,24.886078,55.180150,0, ,0.0,0.0,299.0,6.0,1,221,0,0,0,0,3,1
DF,LADMO,25.016917,54.943194,0, ,0.0,0.0,1,2000,0,1,210,0,0,1
HM,LADMO,25.016917,54.943194,1, ,0.0,0.0,119.0,04.3,1,2000,0,1,230,0,0,0,0

