SID,ANVI1J,12,5
CA,0,119.0,2,570,0,0,0,0,0,0
DF,DW401,24.833983,55.274161,0, ,0.0,0.0,0,0,0,0,0,0,0,0
TF,DW402,24.762508,55.226592,0, ,0.0,0.0,0.0,0.0,0,0,0,1,220,0,0,0
TF,ORPAT,24.878950,55.016139,0, ,0.0,0.0,0.0,0.0,0,0,0,0,0,0,0,0
TF,MEVBO,25.169692,55.209567,0, ,0.0,0.0,0.0,0.0,2,5000,0,0,0,0,0,0
TF,ULUPO,25.166667,55.523056,0, ,0.0,0.0,0.0,0.0,0,0,0,0,0,0,0,0
TF,NALTA,25.045000,55.665278,0, ,0.0,0.0,0.0,0.0,0,0,0,0,0,0,0,0
TF,ANVIX,24.781944,55.937778,0, ,0.0,0.0,0.0,0.0,2,10000,0,1,250,0,0,0

SID,ANVI1L,30,5
CA,0,299.0,1,460,0,0,0,0,0,0
DF,DW601,24.950489,55.063633,0, ,0.0,0.0,0,0,0,0,0,0,0,0
TF,SUVBA,25.048325,55.061061,0, ,0.0,0.0,0.0,0.0,2,3000,0,1,250,0,0,0
TF,ATBOR,25.168611,55.329722,0, ,0.0,0.0,0.0,0.0,0,0,0,0,0,0,0,0
TF,ULUPO,25.166667,55.523056,0, ,0.0,0.0,0.0,0.0,0,0,0,0,0,0,0,0
TF,NALTA,25.045000,55.665278,0, ,0.0,0.0,0.0,0.0,0,0,0,0,0,0,0,0
TF,ANVIX,24.781944,55.937778,0, ,0.0,0.0,0.0,0.0,2,10000,0,1,250,0,0,0

SID,MIAD2J,12,5
CA,0,119.0,2,570,0,0,0,0,0,0
DF,DW401,24.833983,55.274161,0, ,0.0,0.0,0,0,0,0,0,0,0,0
TF,DW402,24.762508,55.226592,0, ,0.0,0.0,0.0,0.0,0,0,0,1,220,0,0,0
TF,ORPAT,24.878950,55.016139,0, ,0.0,0.0,0.0,0.0,0,0,0,0,0,0,0,0
TF,MIADA,24.853333,54.960000,0, ,0.0,0.0,0.0,0.0,0,0,0,0,0,0,0,0

SID,MIAD2L,30,5
CA,0,299.0,1,460,0,0,0,0,0,0
DF,DW601,24.950489,55.063633,0, ,0.0,0.0,0,0,0,0,0,0,0,0
TF,MIADA,24.853333,54.960000,0, ,0.0,0.0,0.0,0.0,0,0,0,0,0,0,0,0

SID,MUVL2J,12,5
CA,0,119.0,2,570,0,0,0,0,0,0
DF,DW401,24.833983,55.274161,0, ,0.0,0.0,2,570,0,0,0,0,0,0
TF,DW402,24.762508,55.226592,0, ,0.0,0.0,0.0,0.0,0,0,0,1,220,0,0,0
TF,ORPAT,24.878950,55.016139,0, ,0.0,0.0,0.0,0.0,0,0,0,0,0,0,0,0
TF,XARTA,25.025833,54.927222,0, ,0.0,0.0,0.0,0.0,0,0,0,0,0,0,0,0
TF,GINLA,25.140833,54.927222,0, ,0.0,0.0,0.0,0.0,0,0,0,0,0,0,0,0
TF,EMOVA,25.243611,54.927222,0, ,0.0,0.0,0.0,0.0,0,0,0,0,0,0,0,0
TF,MUVLA,25.287778,54.750000,0, ,0.0,0.0,0.0,0.0,0,0,0,0,0,0,0,0

SID,MUVL2L,30,5
CA,0,299.0,1,460,0,0,0,0,0,0
DF,DW601,24.950489,55.063633,0, ,0.0,0.0,2,570,0,0,0,0,0,0
TF,XARTA,25.025833,54.927222,0, ,0.0,0.0,0.0,0.0,0,0,0,0,0,0,0,0
TF,GINLA,25.140833,54.927222,0, ,0.0,0.0,0.0,0.0,0,0,0,0,0,0,0,0
TF,EMOVA,25.243611,54.927222,0, ,0.0,0.0,0.0,0.0,0,0,0,0,0,0,0,0
TF,MUVLA,25.287778,54.750000,0, ,0.0,0.0,0.0,0.0,0,0,0,0,0,0,0,0

SID,NADI2J,12,5
CA,0,119.0,2,570,0,0,0,0,0,0
DF,DW401,24.833983,55.274161,0, ,0.0,0.0,2,570,0,0,0,0,0,0
TF,DW402,24.762508,55.226592,0, ,0.0,0.0,0.0,0.0,0,0,0,1,220,0,0,0
TF,ORPAT,24.878950,55.016139,0, ,0.0,0.0,0.0,0.0,0,0,0,0,0,0,0,0
TF,XARTA,25.025833,54.927222,0, ,0.0,0.0,0.0,0.0,0,0,0,0,0,0,0,0
TF,GINLA,25.140833,54.927222,0, ,0.0,0.0,0.0,0.0,0,0,0,0,0,0,0,0
TF,EMOVA,25.243611,54.927222,0, ,0.0,0.0,0.0,0.0,0,0,0,0,0,0,0,0
TF,IVENA,25.358056,54.880556,0, ,0.0,0.0,0.0,0.0,0,0,0,0,0,0,0,0
TF,NADIL,25.381111,54.788056,0, ,0.0,0.0,0.0,0.0,0,0,0,0,0,0,0,0

SID,NADI2L,30,5
CA,0,299.0,1,460,0,0,0,0,0,0
DF,DW601,24.950489,55.063633,0, ,0.0,0.0,2,570,0,0,0,0,0,0
TF,XARTA,25.025833,54.927222,0, ,0.0,0.0,0.0,0.0,0,0,0,0,0,0,0,0
TF,GINLA,25.140833,54.927222,0, ,0.0,0.0,0.0,0.0,0,0,0,0,0,0,0,0
TF,EMOVA,25.243611,54.927222,0, ,0.0,0.0,0.0,0.0,0,0,0,0,0,0,0,0
TF,IVENA,25.358056,54.880556,0, ,0.0,0.0,0.0,0.0,0,0,0,0,0,0,0,0
TF,NADIL,25.381111,54.788056,0, ,0.0,0.0,0.0,0.0,0,0,0,0,0,0,0,0

SID,RIKE2J,12,5
CA,0,119.0,2,570,0,0,0,0,0,0
DF,DW401,24.833983,55.274161,0, ,0.0,0.0,0,0,0,0,0,0,0,0
TF,DW402,24.762508,55.226592,0, ,0.0,0.0,0.0,0.0,0,0,0,1,220,0,0,0
TF,ORPAT,24.878950,55.016139,0, ,0.0,0.0,0.0,0.0,0,0,0,0,0,0,0,0
TF,NOTRU,25.127192,55.181225,0, ,0.0,0.0,0.0,0.0,2,4000,0,0,0,0,0,0
TF,GINRU,25.351000,55.243000,0, ,0.0,0.0,0.0,0.0,0,0,0,0,0,0,0,0
TF,RIKET,25.316389,56.033333,0, ,0.0,0.0,0.0,0.0,2,5000,0,0,0,0,0,0

SID,RIKE2L,30,5
CA,0,299.0,1,460,0,0,0,0,0,0
DF,DW601,24.950489,55.063633,0, ,0.0,0.0,0,0,0,0,0,0,0,0
TF,SUVBA,25.048325,55.061061,0, ,0.0,0.0,0.0,0.0,2,3000,0,1,220,0,0,0
TF,GINRU,25.351000,55.243000,0, ,0.0,0.0,0.0,0.0,0,0,0,0,0,0,0,0
TF,RIKET,25.316389,56.033333,0, ,0.0,0.0,0.0,0.0,2,5000,0,0,0,0,0,0

SID,SITA2J,12,5
CA,0,119.0,2,570,0,0,0,0,0,0
DF,DW401,24.833983,55.274161,0, ,0.0,0.0,2,570,0,0,0,0,0,0
TF,DW402,24.762508,55.226592,0, ,0.0,0.0,0.0,0.0,0,0,0,1,220,0,0,0
TF,ORPAT,24.878950,55.016139,0, ,0.0,0.0,0.0,0.0,0,0,0,0,0,0,0,0
TF,XARTA,25.025833,54.927222,0, ,0.0,0.0,0.0,0.0,0,0,0,0,0,0,0,0
TF,GINLA,25.140833,54.927222,0, ,0.0,0.0,0.0,0.0,0,0,0,0,0,0,0,0
TF,SITAT,25.184722,54.750000,0, ,0.0,0.0,0.0,0.0,0,0,0,0,0,0,0,0

SID,SITA2L,30,5
CA,0,299.0,1,460,0,0,0,0,0,0
DF,DW601,24.950489,55.063633,0, ,0.0,0.0,2,570,0,0,0,0,0,0
TF,XARTA,25.025833,54.927222,0, ,0.0,0.0,0.0,0.0,0,0,0,0,0,0,0,0
TF,GINLA,25.140833,54.927222,0, ,0.0,0.0,0.0,0.0,0,0,0,0,0,0,0,0
TF,SITAT,25.184722,54.750000,0, ,0.0,0.0,0.0,0.0,0,0,0,0,0,0,0,0

SID,TARD1J,12,5
DF,DW401,24.833983,55.274161,0, ,0.0,0.0,0,0,0,0,0,0,0,0
TF,DW402,24.762508,55.226592,0, ,0.0,0.0,0.0,0.0,0,0,0,1,220,0,0,0
TF,ORPAT,24.878950,55.016139,0, ,0.0,0.0,0.0,0.0,0,0,0,0,0,0,0,0
TF,MEVBO,25.169692,55.209567,0, ,0.0,0.0,0.0,0.0,2,5000,0,0,0,0,0,0
TF,ULUPO,25.166667,55.523056,0, ,0.0,0.0,0.0,0.0,0,0,0,0,0,0,0,0
TF,NALTA,25.045000,55.665278,0, ,0.0,0.0,0.0,0.0,0,0,0,0,0,0,0,0
TF,ANVIX,24.781944,55.937778,0, ,0.0,0.0,0.0,0.0,2,6000,0,0,0,0,0,0
TF,TARDI,24.571667,56.154167,0, ,0.0,0.0,0.0,0.0,0,0,0,0,0,0,0,0

SID,TARD1L,30,5
DF,DW601,24.950489,55.063633,0, ,0.0,0.0,0,0,0,0,0,0,0,0
TF,SUVBA,25.048325,55.061061,0, ,0.0,0.0,0.0,0.0,2,3000,0,1,250,0,0,0
TF,ATBOR,25.168611,55.329722,0, ,0.0,0.0,0.0,0.0,0,0,0,0,0,0,0,0
TF,ULUPO,25.166667,55.523056,0, ,0.0,0.0,0.0,0.0,0,0,0,0,0,0,0,0
TF,NALTA,25.045000,55.665278,0, ,0.0,0.0,0.0,0.0,0,0,0,0,0,0,0,0
TF,ANVIX,24.781944,55.937778,0, ,0.0,0.0,0.0,0.0,2,6000,0,0,0,0,0,0
TF,TARDI,24.571667,56.154167,0, ,0.0,0.0,0.0,0.0,0,0,0,0,0,0,0,0

