APPTR,D29-W,29,BORUL
IF,BORUL,24.991944,56.642778, ,0.0,0.0,2,3000,0,0,0,0,1,0
CF,DANIG,25.030278,56.541111,0,FJV,111.5,11.0,291.0,6.0,2,2000,0,0,0,0,1,0

APPTR,D29-W,29,DANIG
IF,DANIG,25.030278,56.541111, ,0.0,0.0,2,3000,0,0,0,0,0,0
HF,DANIG,25.030278,56.541111,2, ,0.0,0.0,291.0,05,2,2000,0,1,210,0,0,0,0

APPTR,D29-W,29,DESPA
IF,DESPA,25.215833,56.512222, ,0.0,0.0,2,3000,0,0,0,0,1,0
AF,DANIG,25.030278,56.541111,2,FJV,111.5,11.0,50.0,2,2000,0,0,0,0,1,0

APPTR,D29-W,29,FJV
IF,FJV,25.100651,56.354556, ,0.0,0.0,2,5000,0,1,210,0,0,0
FD,FJV,25.100651,56.354556,0,FJV,0.0,11.0,93.0,11.0,0,0,0,0,0,0,0,0
CF,DANIG,25.030278,56.541111,2,FJV,111.5,11.0,291.0,1.0,2,2000,0,0,0,0,1,0

FINAL,D29-W,29,D
IF,DANIG,25.030278,56.541111,FJV,111.5,11.0,2,2000,0,0,0,0,0,0
CF,IMKIR,25.066861,56.444500,0,FJV,111.4,5.3,291.0,5.7,2,2000,0,0,0,0,2,0
CF,FJ929,25.080917,56.407194,0,FJV,111.4,3.1,291.0,2.2,2,1300,0,0,0,0,0,0
CF,MA29,25.093694,56.373253,0,FJV,111.4,1.1,291.0,2.0,1,697,0,0,0,0,3,0
VI,1, ,0.0,105.0,0,0,0,1,185,0,0,0
CF,KARER,24.894444,56.569444,0,FJV,135.4,17.0,135.0,11.0,1,3000,0,0,0,0,0,0
HM,KARER,24.894444,56.569444,1, ,0.0,0.0,315.0,05,0,0,0,1,210,0,0,0,0

APPTR,D29-X,29,BORUL
IF,BORUL,24.991944,56.642778, ,0.0,0.0,2,3000,0,0,0,0,1,0
CF,DANIG,25.030278,56.541111,0,FJV,111.5,11.0,291.0,6.0,2,2000,0,0,0,0,1,0

APPTR,D29-X,29,DANIG
IF,DANIG,25.030278,56.541111, ,0.0,0.0,2,3000,0,0,0,0,0,0
HF,DANIG,25.030278,56.541111,2, ,0.0,0.0,291.0,05,2,2000,0,1,210,0,0,0,0

APPTR,D29-X,29,DESPA
IF,DESPA,25.215833,56.512222, ,0.0,0.0,2,3000,0,0,0,0,1,0
AF,DANIG,25.030278,56.541111,2,FJV,111.5,11.0,50.0,2,2000,0,0,0,0,1,0

APPTR,D29-X,29,FJV
IF,FJV,25.100651,56.354556, ,0.0,0.0,2,5000,0,0,0,0,0,0
FD,FJV,25.100651,56.354556,0,FJV,0.0,11.0,102.0,11.0,0,0,0,0,0,0,0,0
CF,DANIG,25.030278,56.541111,2,FJV,111.5,11.0,291.0,1.0,2,2000,0,0,0,0,1,0

FINAL,D29-X,29,D
IF,DANIG,25.030278,56.541111,FJV,111.5,11.0,2,2000,0,0,0,0,0,0
CF,IMKIR,25.066861,56.444500,0,FJV,111.4,5.3,291.0,5.7,2,2000,0,0,0,0,2,0
CF,FJ929,25.080917,56.407194,0,FJV,111.4,3.1,291.0,2.2,2,1300,0,0,0,0,0,0
CF,MA29,25.093694,56.373253,0,FJV,111.4,1.1,291.0,2.0,1,697,0,0,0,0,3,0
VI,1, ,0.0,105.0,0,0,0,0,0,0,0,0
CF,KARER,24.894444,56.569444,0,FJV,135.4,17.0,135.0,11.0,1,3000,0,0,0,0,0,0
HM,KARER,24.894444,56.569444,1, ,0.0,0.0,315.0,05,0,0,0,1,210,0,0,0,0

APPTR,I29-W,29,BORUL
IF,BORUL,24.991944,56.642778, ,0.0,0.0,2,3000,0,0,0,0,1,0
CF,DANIG,25.030278,56.541111,0,IFJR,111.5,14.0,291.0,6.0,2,2000,0,0,0,0,1,0

APPTR,I29-W,29,DANIG
IF,DANIG,25.030278,56.541111, ,0.0,0.0,2,3000,0,0,0,0,0,0
HF,DANIG,25.030278,56.541111,2, ,0.0,0.0,291.0,05,2,2000,0,1,210,0,0,0,0

APPTR,I29-W,29,DESPA
IF,DESPA,25.215833,56.512222, ,0.0,0.0,2,3000,0,0,0,0,1,0
AF,D100K,25.062353,56.552050,2,FJV,100.0,11.0,50.0,0,0,0,0,0,0,0,0
VI,0,IFJR,0.0,261.0,2,2000,0,0,0,0,0,0

APPTR,I29-W,29,FJV
IF,FJV,25.100651,56.354556, ,0.0,0.0,2,5000,0,1,210,0,0,0
FD,FJV,25.100651,56.354556,0,FJV,0.0,11.0,93.0,11.0,0,0,0,0,0,0,0,0
CF,DANIG,25.030278,56.541111,2,IFJR,111.5,14.0,291.0,1.0,2,2000,0,0,0,0,1,0

FINAL,I29-W,29,I
IF,DANIG,25.030278,56.541111,IFJR,111.5,14.0,2,2000,0,0,0,0,0,0
CF,IMKIR,25.066861,56.444500,0,IFJR,111.4,8.3,291.0,5.7,2,2000,0,0,0,0,2,0
CF,FJ929,25.080917,56.407194,0,IFJR,111.4,6.1,291.0,2.2,2,1300,0,0,0,0,0,0
CF,MA29,25.093694,56.373253,0,IFJR,111.4,4.1,291.0,2.0,1,697,0,0,0,0,3,0
VI,1, ,0.0,105.0,0,0,0,1,185,0,0,0
CF,KARER,24.894444,56.569444,0,FJV,135.4,17.0,135.0,11.0,1,3000,0,0,0,0,0,0
HM,KARER,24.894444,56.569444,1, ,0.0,0.0,315.0,05,0,0,0,1,210,0,0,0,0

APPTR,I29-X,29,BORUL
IF,BORUL,24.991944,56.642778, ,0.0,0.0,2,3000,0,0,0,0,1,0
CF,DANIG,25.030278,56.541111,0,IFJR,111.5,14.0,291.0,6.0,2,2000,0,0,0,0,1,0

APPTR,I29-X,29,DANIG
IF,DANIG,25.030278,56.541111, ,0.0,0.0,2,3000,0,0,0,0,0,0
HF,DANIG,25.030278,56.541111,2, ,0.0,0.0,291.0,05,2,2000,0,1,210,0,0,0,0

APPTR,I29-X,29,DESPA
IF,DESPA,25.215833,56.512222, ,0.0,0.0,2,3000,0,0,0,0,1,0
AF,D100K,25.062353,56.552050,2,FJV,100.0,11.0,50.0,0,0,0,0,0,0,0,0
VI,0,IFJR,0.0,261.0,2,2000,0,0,0,0,0,0

APPTR,I29-X,29,FJV
IF,FJV,25.100651,56.354556, ,0.0,0.0,2,5000,0,0,0,0,0,0
FD,FJV,25.100651,56.354556,0,FJV,0.0,11.0,102.0,11.0,0,0,0,0,0,0,0,0
CF,DANIG,25.030278,56.541111,2,IFJR,111.5,14.0,291.0,1.0,2,2000,0,0,0,0,1,0

FINAL,I29-X,29,I
IF,DANIG,25.030278,56.541111,IFJR,111.5,14.0,2,2000,0,0,0,0,0,0
CF,IMKIR,25.066861,56.444500,0,IFJR,111.4,8.3,291.0,5.7,2,2000,0,0,0,0,2,0
CF,FJ929,25.080917,56.407194,0,IFJR,111.4,6.1,291.0,2.2,2,1300,0,0,0,0,0,0
CF,MA29,25.093694,56.373253,0,IFJR,111.4,4.1,291.0,2.0,1,697,0,0,0,0,3,0
VI,1, ,0.0,105.0,0,0,0,0,0,0,0,0
CF,KARER,24.894444,56.569444,0,FJV,135.4,17.0,135.0,11.0,1,3000,0,0,0,0,0,0
HM,KARER,24.894444,56.569444,1, ,0.0,0.0,315.0,05,0,0,0,1,210,0,0,0,0

APPTR,R29-Y,29,BORUL
IF,BORUL,24.991944,56.642778, ,0.0,0.0,2,3000,0,1,210,0,1,0
TF,DANIG,25.030278,56.541111,0, ,0.0,0.0,0.0,0.0,1,2000,0,0,0,0,1,0

APPTR,R29-Y,29,FJ296
IF,FJ296,25.107611,56.576389, ,0.0,0.0,2,3000,0,1,210,0,1,0
TF,DANIG,25.030278,56.541111,0, ,0.0,0.0,0.0,0.0,1,2000,0,0,0,0,1,0

APPTR,R29-Y,29,FJ297
IF,FJ297,24.953111,56.506056, ,0.0,0.0,2,3200,0,1,210,0,1,0
TF,DANIG,25.030278,56.541111,0, ,0.0,0.0,0.0,0.0,1,2000,0,0,0,0,1,0

FINAL,R29-Y,29,G
IF,DANIG,25.030278,56.541111, ,0.0,0.0,1,2000,0,0,0,0,0,0
TF,IMKIR,25.066861,56.444500,0, ,0.0,0.0,291.0,5.7,1,2000,0,0,0,0,2,0
TF,FJ929,25.080917,56.407194,0, ,0.0,0.0,291.0,2.2,2,1370,0,0,0,0,0,0
TF,FJ924,25.093697,56.373236,0, ,0.0,0.0,291.0,2.0,1,714,0,0,0,0,3,1
DF,KARER,24.894444,56.569444,1, ,0.0,0.0,1,3000,0,1,185,0,0,1
HM,KARER,24.894444,56.569444,1, ,0.0,0.0,315.0,04.3,1,3000,0,1,210,0,0,0,0

APPTR,R29-Z,29,BORUL
IF,BORUL,24.991944,56.642778, ,0.0,0.0,2,3000,0,1,210,0,1,0
TF,DANIG,25.030278,56.541111,0, ,0.0,0.0,0.0,0.0,1,2000,0,0,0,0,1,0

APPTR,R29-Z,29,FJ296
IF,FJ296,25.107611,56.576389, ,0.0,0.0,2,3000,0,1,210,0,1,0
TF,DANIG,25.030278,56.541111,0, ,0.0,0.0,0.0,0.0,1,2000,0,0,0,0,1,0

APPTR,R29-Z,29,FJ297
IF,FJ297,24.953111,56.506056, ,0.0,0.0,2,3200,0,1,210,0,1,0
TF,DANIG,25.030278,56.541111,0, ,0.0,0.0,0.0,0.0,1,2000,0,0,0,0,1,0

FINAL,R29-Z,29,G
IF,DANIG,25.030278,56.541111, ,0.0,0.0,1,2000,0,0,0,0,0,0
TF,FJ291,25.064778,56.450028,0, ,0.0,0.0,291.0,5.4,1,2000,0,0,0,0,2,0
TF,FJ928,25.086500,56.392333,0, ,0.0,0.0,291.0,3.4,2,990,0,0,0,0,0,0
TF,RW29,25.105667,56.341406,0, ,0.0,0.0,291.0,3.0,1,99,0,0,0,0,3,1
DF,FJ292,25.119861,56.303639,0, ,0.0,0.0,2,1200,0,0,0,0,0,1
TF,FJ293,25.194417,56.212583,0, ,0.0,0.0,0.0,0.0,2,3300,0,1,210,0,0,0
TF,FJ294,25.311583,56.251889,0, ,0.0,0.0,0.0,0.0,1,4000,0,1,210,0,0,0
TF,DESPA,25.215833,56.512222,0, ,0.0,0.0,0.0,0.0,1,4000,0,1,210,0,0,1
HM,DESPA,25.215833,56.512222,2, ,0.0,0.0,230.0,04.3,1,4000,0,1,210,0,0,0,0

