SID,ALAI1N,29,5
CA,0,291.0,2,560,0,0,0,0,0,0
CF,MEPTI,25.158917,56.237236,0,FJV,296.6,7.3,301.0,4.0,0,0,0,0,0,0,0,1
VI,2, ,0.0,46.0,0,0,0,0,0,0,0,0
CF,KUSEN,25.307778,56.394444,0,FJV,7.9,12.6,91.0,3.0,2,7000,0,0,0,0,0,0
TF,IMKIR,25.066861,56.444500,0, ,0.0,0.0,0.0,0.0,0,0,0,0,0,0,0,0
TF,ALNUM,24.850000,56.266667,0, ,0.0,0.0,0.0,0.0,0,0,0,0,0,0,0,0
TF,GIDIS,24.600000,55.933333,0, ,0.0,0.0,0.0,0.0,0,0,0,0,0,0,0,0
TF,ALN,24.260000,55.606667,0, ,0.0,0.0,0.0,0.0,0,0,0,0,0,0,0,0

SID,ALAI2F,11,5
DF,FJ929,25.080917,56.407194,0, ,0.0,0.0,0,0,0,0,0,0,0,1
DF,ALNUM,24.850000,56.266667,2, ,0.0,0.0,0,0,0,0,0,0,0,0
TF,GIDIS,24.600000,55.933333,0, ,0.0,0.0,0.0,0.0,0,0,0,0,0,0,0,0
TF,ALN,24.260000,55.606667,0, ,0.0,0.0,0.0,0.0,0,0,0,0,0,0,0,0

SID,GABK1F,11,5
DF,FJ929,25.080917,56.407194,0, ,0.0,0.0,0,0,0,0,0,0,0,1
DF,KUSEN,25.307778,56.394444,1, ,0.0,0.0,0,0,0,0,0,0,0,0
TF,LAGLI,25.390286,56.240767,0, ,0.0,0.0,0.0,0.0,2,7000,0,0,0,0,0,0
TF,EMOPI,25.438889,56.150000,0, ,0.0,0.0,0.0,0.0,0,0,0,0,0,0,0,0
TF,GABKO,26.067778,55.798611,0, ,0.0,0.0,0.0,0.0,0,0,0,0,0,0,0,0

SID,GABK1N,29,5
CA,0,291.0,2,560,0,0,0,0,0,0
CF,MEPTI,25.158917,56.237236,0,FJV,296.6,7.3,301.0,4.0,0,0,0,0,0,0,0,1
TF,LAGLI,25.390286,56.240767,0, ,0.0,0.0,0.0,0.0,2,7000,0,0,0,0,0,0
TF,EMOPI,25.438889,56.150000,0, ,0.0,0.0,0.0,0.0,0,0,0,0,0,0,0,0
TF,GABKO,26.067778,55.798611,0, ,0.0,0.0,0.0,0.0,0,0,0,0,0,0,0,0

SID,OBSE1N,29,5
CA,0,291.0,2,560,0,0,0,0,0,0
CF,NAGEX,25.175936,56.207750,0,FJV,297.4,9.2,301.0,6.0,0,0,0,0,0,0,0,1
TF,MEKTO,25.190647,56.120217,0, ,0.0,0.0,0.0,0.0,0,0,0,0,0,0,0,0
TF,OBSEN,25.203856,56.041339,0, ,0.0,0.0,0.0,0.0,2,6000,0,0,0,0,0,0

SID,RAK1N,29,5
CA,0,291.0,2,560,0,0,0,0,0,0
CF,MEPTI,25.158917,56.237236,0,FJV,296.6,7.3,301.0,4.0,0,0,0,0,0,0,0,1
TF,LAGLI,25.390286,56.240767,0, ,0.0,0.0,0.0,0.0,2,7000,0,0,0,0,0,0
TF,EMOPI,25.438889,56.150000,0, ,0.0,0.0,0.0,0.0,0,0,0,0,0,0,0,0
TF,RAV,25.588333,55.946667,0, ,0.0,0.0,0.0,0.0,0,0,0,0,0,0,0,0

SID,RAK3F,11,5
DF,FJ929,25.080917,56.407194,0, ,0.0,0.0,0,0,0,0,0,0,0,1
DF,KUSEN,25.307778,56.394444,1, ,0.0,0.0,0,0,0,0,0,0,0,0
TF,LAGLI,25.390286,56.240767,0, ,0.0,0.0,0.0,0.0,2,7000,0,0,0,0,0,0
TF,EMOPI,25.438889,56.150000,0, ,0.0,0.0,0.0,0.0,0,0,0,0,0,0,0,0
TF,RAV,25.588333,55.946667,0, ,0.0,0.0,0.0,0.0,0,0,0,0,0,0,0,0

SID,SERS1F,11,5
DF,FJ929,25.080917,56.407194,0, ,0.0,0.0,0,0,0,0,0,0,0,1
DF,KUSEN,25.307778,56.394444,1, ,0.0,0.0,0,0,0,0,0,0,0,0
TF,LAGLI,25.390286,56.240767,0, ,0.0,0.0,0.0,0.0,2,7000,0,0,0,0,0,0
TF,EMOPI,25.438889,56.150000,0, ,0.0,0.0,0.0,0.0,0,0,0,0,0,0,0,0
TF,TUDOP,25.466667,55.750000,0, ,0.0,0.0,0.0,0.0,0,0,0,0,0,0,0,0
TF,SERSA,25.329167,55.521667,0, ,0.0,0.0,0.0,0.0,0,0,0,0,0,0,0,0

SID,SERS1N,29,5
CA,0,291.0,2,560,0,0,0,0,0,0
CF,MEPTI,25.158917,56.237236,0,FJV,296.6,7.3,301.0,4.0,0,0,0,0,0,0,0,1
TF,LAGLI,25.390286,56.240767,0, ,0.0,0.0,0.0,0.0,2,7000,0,0,0,0,0,0
TF,EMOPI,25.438889,56.150000,0, ,0.0,0.0,0.0,0.0,0,0,0,0,0,0,0,0
TF,TUDOP,25.466667,55.750000,0, ,0.0,0.0,0.0,0.0,0,0,0,0,0,0,0,0
TF,SERSA,25.329167,55.521667,0, ,0.0,0.0,0.0,0.0,0,0,0,0,0,0,0,0

SID,TONV2F,11,5
DF,FJ929,25.080917,56.407194,0, ,0.0,0.0,0,0,0,0,0,0,0,1
TF,TONVO,25.083333,56.533333,0, ,0.0,0.0,0.0,0.0,0,0,0,0,0,0,0,0

