STAR,ALRA1N,12,5
IF,ALRAR,25.682778,55.030278, ,0.0,0.0,3,11000,0,1,230,0,0,0
TF,SJ415,25.594444,55.308611,0, ,0.0,0.0,0.0,0.0,0,0,0,1,210,0,0,0
TF,SJ402,25.490556,55.236111,2, ,0.0,0.0,0.0,0.0,0,0,0,1,185,0,0,0
TF,BOMIV,25.435444,55.335889,1, ,0.0,0.0,0.0,0.0,2,2000,0,0,0,0,0,0

STAR,ALRA2K,12,5
IF,ALRAR,25.682778,55.030278, ,0.0,0.0,3,11000,0,1,230,0,0,0
TF,SJ415,25.594444,55.308611,0, ,0.0,0.0,0.0,0.0,0,0,0,0,0,0,0,0
TF,TADPI,25.565833,55.397500,0, ,0.0,0.0,0.0,0.0,0,0,0,1,210,0,0,0
TF,SJ413,25.520833,55.475278,0, ,0.0,0.0,0.0,0.0,0,0,0,0,0,0,0,0
TF,SJ408,25.463611,55.435278,0, ,0.0,0.0,0.0,0.0,0,0,0,0,0,0,0,0
TF,OVAXA,25.508333,55.357500,0, ,0.0,0.0,0.0,0.0,0,0,0,1,185,0,0,0
TF,RUDIS,25.553056,55.279722,0, ,0.0,0.0,0.0,0.0,0,0,0,0,0,0,0,0
TF,SJ402,25.490556,55.236111,0, ,0.0,0.0,0.0,0.0,2,2000,0,0,0,0,0,0

STAR,ALRA2P,30,5
IF,ALRAR,25.682778,55.030278, ,0.0,0.0,3,11000,0,1,230,0,0,0
TF,EGTUP,25.431389,55.476111,0, ,0.0,0.0,0.0,0.0,2,6000,0,0,0,0,0,0
TF,UKTAD,25.381111,55.591944,0, ,0.0,0.0,0.0,0.0,0,0,0,1,210,0,0,0
TF,OXARA,25.286111,55.756944,0, ,0.0,0.0,0.0,0.0,0,0,0,1,185,0,0,0
TF,DAPAD,25.225611,55.699889,2, ,0.0,0.0,0.0,0.0,2,2000,0,0,0,0,0,0

STAR,ALRA3M,30,5
IF,ALRAR,25.682778,55.030278, ,0.0,0.0,3,11000,0,1,230,0,0,0
TF,EGTUP,25.431389,55.476111,0, ,0.0,0.0,0.0,0.0,2,6000,0,0,0,0,0,0
TF,UKTAD,25.381111,55.591944,0, ,0.0,0.0,0.0,0.0,0,0,0,1,210,0,0,0
TF,OXARA,25.286111,55.756944,0, ,0.0,0.0,0.0,0.0,0,0,0,0,0,0,0,0
TF,TASGI,25.250278,55.818889,0, ,0.0,0.0,0.0,0.0,0,0,0,1,185,0,0,0
TF,SJ503,25.205278,55.896389,0, ,0.0,0.0,0.0,0.0,0,0,0,0,0,0,0,0
TF,LABKO,25.137222,55.848889,0, ,0.0,0.0,0.0,0.0,0,0,0,0,0,0,0,0
TF,SJ501,25.181944,55.771389,0, ,0.0,0.0,0.0,0.0,2,2000,0,0,0,0,0,0

STAR,ELEL2M,30,5
IF,ELELA,25.173056,56.021111, ,0.0,0.0,3,11000,0,1,230,0,0,0
TF,SJ508,25.268889,55.940833,0, ,0.0,0.0,0.0,0.0,0,0,0,1,210,0,0,0
TF,SJ507,25.313889,55.863333,0, ,0.0,0.0,0.0,0.0,0,0,0,0,0,0,0,0
TF,TASGI,25.250278,55.818889,0, ,0.0,0.0,0.0,0.0,0,0,0,1,185,0,0,0
TF,SJ503,25.205278,55.896389,0, ,0.0,0.0,0.0,0.0,0,0,0,0,0,0,0,0
TF,LABKO,25.137222,55.848889,0, ,0.0,0.0,0.0,0.0,0,0,0,0,0,0,0,0
TF,SJ501,25.181944,55.771389,0, ,0.0,0.0,0.0,0.0,2,2000,0,0,0,0,0,0

STAR,ELEL2P,30,5
IF,ELELA,25.173056,56.021111, ,0.0,0.0,3,11000,0,1,230,0,0,0
TF,SJ508,25.268889,55.940833,0, ,0.0,0.0,0.0,0.0,0,0,0,1,210,0,0,0
TF,SJ501,25.181944,55.771389,0, ,0.0,0.0,0.0,0.0,2,2000,0,1,185,0,0,0
TF,DAPAD,25.225611,55.699889,0, ,0.0,0.0,0.0,0.0,2,2000,0,0,0,0,0,0

STAR,ELEL3N,12,5
IF,ELELA,25.173056,56.021111, ,0.0,0.0,3,11000,0,1,230,0,0,0
TF,SJ411,25.236111,55.817500,0, ,0.0,0.0,0.0,0.0,2,8000,0,0,0,0,0,0
TF,GESET,25.348056,55.634167,0, ,0.0,0.0,0.0,0.0,2,6000,0,0,0,0,0,0
TF,ASNUL,25.388833,55.563944,0, ,0.0,0.0,0.0,0.0,0,0,0,0,0,0,0,0
TF,SJ407,25.424722,55.502500,0, ,0.0,0.0,0.0,0.0,0,0,0,1,210,0,0,0
TF,SJ408,25.463611,55.435278,0, ,0.0,0.0,0.0,0.0,0,0,0,0,0,0,0,0
TF,OVAXA,25.508333,55.357500,0, ,0.0,0.0,0.0,0.0,0,0,0,1,185,0,0,0
TF,BOMIV,25.435444,55.335889,1, ,0.0,0.0,0.0,0.0,2,2000,0,0,0,0,0,0

STAR,ELEL4K,12,5
IF,ELELA,25.173056,56.021111, ,0.0,0.0,3,11000,0,1,230,0,0,0
TF,SJ411,25.236111,55.817500,0, ,0.0,0.0,0.0,0.0,2,8000,0,0,0,0,0,0
TF,GESET,25.348056,55.634167,0, ,0.0,0.0,0.0,0.0,2,6000,0,0,0,0,0,0
TF,ASNUL,25.388833,55.563944,0, ,0.0,0.0,0.0,0.0,0,0,0,0,0,0,0,0
TF,SJ407,25.424722,55.502500,0, ,0.0,0.0,0.0,0.0,0,0,0,1,210,0,0,0
TF,SJ408,25.463611,55.435278,0, ,0.0,0.0,0.0,0.0,0,0,0,0,0,0,0,0
TF,OVAXA,25.508333,55.357500,0, ,0.0,0.0,0.0,0.0,0,0,0,1,185,0,0,0
TF,RUDIS,25.553056,55.279722,0, ,0.0,0.0,0.0,0.0,0,0,0,0,0,0,0,0
TF,SJ402,25.490556,55.236111,0, ,0.0,0.0,0.0,0.0,2,2000,0,0,0,0,0,0

STAR,MIAD2K,12,5
IF,MIADA,24.853333,54.960000, ,0.0,0.0,0,0,0,1,230,0,0,0
TF,MUXAL,24.995833,54.905000,0, ,0.0,0.0,0.0,0.0,0,0,0,0,0,0,0,0
TF,EMOVA,25.243611,54.927222,0, ,0.0,0.0,0.0,0.0,0,0,0,1,210,0,0,0
TF,ODLAL,25.411944,54.942500,0, ,0.0,0.0,0.0,0.0,0,0,0,0,0,0,0,0
TF,IVUTI,25.590556,55.062222,0, ,0.0,0.0,0.0,0.0,0,0,0,1,185,0,0,0
TF,SJ402,25.490556,55.236111,2, ,0.0,0.0,0.0,0.0,2,2000,0,0,0,0,0,0

STAR,MIAD2M,30,5
IF,MIADA,24.853333,54.960000, ,0.0,0.0,0,0,0,1,230,0,0,0
TF,ORPAT,24.878950,55.016139,0, ,0.0,0.0,0.0,0.0,0,0,0,0,0,0,0,0
TF,SOBOB,24.671244,55.390892,0, ,0.0,0.0,0.0,0.0,0,0,0,0,0,0,0,0
TF,ODBEV,24.696569,55.521272,0, ,0.0,0.0,0.0,0.0,0,0,0,0,0,0,0,0
TF,LOROT,24.872486,55.821425,0, ,0.0,0.0,0.0,0.0,0,0,0,0,0,0,0,0
TF,ITMOX,25.015833,55.987778,0, ,0.0,0.0,0.0,0.0,2,4000,0,0,0,0,0,0
TF,SJ509,25.154444,56.036667,0, ,0.0,0.0,0.0,0.0,0,0,0,0,0,0,0,0
TF,SJ508,25.268889,55.940833,0, ,0.0,0.0,0.0,0.0,0,0,0,1,210,0,0,0
TF,SJ507,25.313889,55.863333,0, ,0.0,0.0,0.0,0.0,0,0,0,0,0,0,0,0
TF,TASGI,25.250278,55.818889,0, ,0.0,0.0,0.0,0.0,0,0,0,1,185,0,0,0
TF,SJ503,25.205278,55.896389,0, ,0.0,0.0,0.0,0.0,0,0,0,0,0,0,0,0
TF,LABKO,25.137222,55.848889,0, ,0.0,0.0,0.0,0.0,0,0,0,0,0,0,0,0
TF,SJ501,25.181944,55.771389,0, ,0.0,0.0,0.0,0.0,2,2000,0,0,0,0,0,0

STAR,MIAD2P,30,5
IF,MIADA,24.853333,54.960000, ,0.0,0.0,0,0,0,1,230,0,0,0
TF,ORPAT,24.878950,55.016139,0, ,0.0,0.0,0.0,0.0,0,0,0,0,0,0,0,0
TF,SOBOB,24.671244,55.390892,0, ,0.0,0.0,0.0,0.0,0,0,0,0,0,0,0,0
TF,ODBEV,24.696569,55.521272,0, ,0.0,0.0,0.0,0.0,0,0,0,0,0,0,0,0
TF,LOROT,24.872486,55.821425,0, ,0.0,0.0,0.0,0.0,0,0,0,0,0,0,0,0
TF,ITMOX,25.015833,55.987778,0, ,0.0,0.0,0.0,0.0,2,4000,0,0,0,0,0,0
TF,LABKO,25.137222,55.848889,1, ,0.0,0.0,0.0,0.0,2,3000,0,1,210,0,0,0
TF,SJ501,25.181944,55.771389,0, ,0.0,0.0,0.0,0.0,2,2000,0,1,185,0,0,0
TF,DAPAD,25.225611,55.699889,0, ,0.0,0.0,0.0,0.0,2,2000,0,0,0,0,0,0

STAR,PUVA1P,30,5
IF,PUVAL,25.599444,55.716111, ,0.0,0.0,3,11000,0,1,230,0,0,0
TF,KUMDA,25.540833,55.568611,0, ,0.0,0.0,0.0,0.0,0,0,0,0,0,0,0,0
TF,EGTUP,25.431389,55.476111,0, ,0.0,0.0,0.0,0.0,2,6000,0,0,0,0,0,0
TF,UKTAD,25.381111,55.591944,1, ,0.0,0.0,0.0,0.0,0,0,0,1,210,0,0,0
TF,OXARA,25.286111,55.756944,0, ,0.0,0.0,0.0,0.0,0,0,0,1,185,0,0,0
TF,DAPAD,25.225611,55.699889,2, ,0.0,0.0,0.0,0.0,2,2000,0,0,0,0,0,0

STAR,PUVA2M,30,5
IF,PUVAL,25.599444,55.716111, ,0.0,0.0,3,11000,0,1,230,0,0,0
TF,KUMDA,25.540833,55.568611,0, ,0.0,0.0,0.0,0.0,0,0,0,0,0,0,0,0
TF,EGTUP,25.431389,55.476111,0, ,0.0,0.0,0.0,0.0,2,6000,0,0,0,0,0,0
TF,UKTAD,25.381111,55.591944,1, ,0.0,0.0,0.0,0.0,0,0,0,1,210,0,0,0
TF,OXARA,25.286111,55.756944,0, ,0.0,0.0,0.0,0.0,0,0,0,0,0,0,0,0
TF,TASGI,25.250278,55.818889,0, ,0.0,0.0,0.0,0.0,0,0,0,1,185,0,0,0
TF,SJ503,25.205278,55.896389,0, ,0.0,0.0,0.0,0.0,0,0,0,0,0,0,0,0
TF,LABKO,25.137222,55.848889,0, ,0.0,0.0,0.0,0.0,0,0,0,0,0,0,0,0
TF,SJ501,25.181944,55.771389,0, ,0.0,0.0,0.0,0.0,2,2000,0,0,0,0,0,0

STAR,PUVA2N,12,5
IF,PUVAL,25.599444,55.716111, ,0.0,0.0,3,11000,0,1,230,0,0,0
TF,SIGDI,25.417778,55.689444,0, ,0.0,0.0,0.0,0.0,0,0,0,0,0,0,0,0
TF,GESET,25.348056,55.634167,0, ,0.0,0.0,0.0,0.0,2,6000,0,0,0,0,0,0
TF,ASNUL,25.388833,55.563944,0, ,0.0,0.0,0.0,0.0,0,0,0,0,0,0,0,0
TF,SJ407,25.424722,55.502500,0, ,0.0,0.0,0.0,0.0,0,0,0,1,210,0,0,0
TF,SJ408,25.463611,55.435278,0, ,0.0,0.0,0.0,0.0,0,0,0,0,0,0,0,0
TF,OVAXA,25.508333,55.357500,0, ,0.0,0.0,0.0,0.0,0,0,0,1,185,0,0,0
TF,BOMIV,25.435444,55.335889,1, ,0.0,0.0,0.0,0.0,2,2000,0,0,0,0,0,0

STAR,PUVA3K,12,5
IF,PUVAL,25.599444,55.716111, ,0.0,0.0,3,11000,0,1,230,0,0,0
TF,SIGDI,25.417778,55.689444,0, ,0.0,0.0,0.0,0.0,0,0,0,0,0,0,0,0
TF,GESET,25.348056,55.634167,0, ,0.0,0.0,0.0,0.0,2,6000,0,0,0,0,0,0
TF,ASNUL,25.388833,55.563944,0, ,0.0,0.0,0.0,0.0,0,0,0,0,0,0,0,0
TF,SJ407,25.424722,55.502500,0, ,0.0,0.0,0.0,0.0,0,0,0,1,210,0,0,0
TF,SJ408,25.463611,55.435278,0, ,0.0,0.0,0.0,0.0,0,0,0,0,0,0,0,0
TF,OVAXA,25.508333,55.357500,0, ,0.0,0.0,0.0,0.0,0,0,0,1,185,0,0,0
TF,RUDIS,25.553056,55.279722,0, ,0.0,0.0,0.0,0.0,0,0,0,0,0,0,0,0
TF,SJ402,25.490556,55.236111,0, ,0.0,0.0,0.0,0.0,2,2000,0,0,0,0,0,0

APPTR,I12,12,SJ402
IF,SJ402,25.490556,55.236111, ,0.0,0.0,2,2000,0,1,185,0,1,0
CF,BOMIV,25.435444,55.335889,0,ISRE,300.3,13.0,119.0,6.3,2,2000,0,0,0,0,1,0

FINAL,I12,12,I
IF,BOMIV,25.435444,55.335889,ISRE,300.3,13.0,2,2000,0,0,0,0,0,0
CF,EMIKO,25.390778,55.413806,0,ISRE,300.3,8.0,120.0,5.0,1,1994,0,0,0,0,2,0
CF,RW12,25.338808,55.504103,0,ISRE,300.1,2.2,120.0,5.8,1,144,0,0,0,0,3,1
CA,0,120.0,2,520,0,0,0,0,0,0
DF,GIDOL,25.264444,55.750278,0, ,0.0,0.0,1,2000,0,1,210,0,0,1
HM,GIDOL,25.264444,55.750278,2, ,0.0,0.0,286.0,04.3,1,2000,0,1,230,0,0,0,0

APPTR,I30,30,SJ501
IF,SJ501,25.181944,55.771389, ,0.0,0.0,2,2000,0,1,185,0,1,0
CF,DAPAD,25.225611,55.699889,0,ISHW,120.4,13.0,302.0,4.7,2,2000,0,0,0,0,1,0

FINAL,I30,30,I
IF,DAPAD,25.225611,55.699889,ISHW,120.4,13.0,2,2000,0,0,0,0,0,0
CF,IVADI,25.270500,55.622361,0,ISHW,120.4,8.0,300.0,5.0,1,1993,0,0,0,0,2,0
CF,RW30,25.322083,55.533133,0,ISHW,120.4,2.2,300.0,5.7,1,164,0,0,0,0,3,1
DF,KITUR,25.462972,55.288194,0, ,0.0,0.0,1,2000,0,1,210,0,0,1
HM,KITUR,25.462972,55.288194,1, ,0.0,0.0,120.0,04.3,1,2000,0,1,230,0,0,0,0

APPTR,R12-Y,12,ASNUL
IF,ASNUL,25.388833,55.563944, ,0.0,0.0,1,6000,0,1,210,0,0,0
TF,SJ641,25.423806,55.524250,0, ,0.0,0.0,0.0,0.0,1,5100,0,1,180,0,0,0
TF,SJ642,25.455278,55.488806,0, ,0.0,0.0,0.0,0.0,1,4300,0,1,165,0,0,0
RF,SJ643,25.425222,55.402806,1,ARC01,358.6,2.8,1,2500,0,1,165,0,0,0

FINAL,R12-Y,12,G
IF,SJ643,25.425222,55.402806, ,0.0,0.0,1,2500,0,1,165,0,2,0
RF,SJ644,25.383444,55.426333,1,ARC01,121.0,2.8,1,1625,0,0,0,0,0,0
TF,RW12,25.338808,55.504103,0, ,0.0,0.0,120.0,5.0,1,139,0,0,0,0,3,1
TF,SJ647,25.315583,55.544528,0, ,0.0,0.0,0.0,0.0,0,0,0,0,0,0,0,0
TF,GIDOL,25.264444,55.750278,0, ,0.0,0.0,0.0,0.0,1,2000,0,1,210,0,0,1
HM,GIDOL,25.264444,55.750278,2, ,0.0,0.0,286.0,04.3,1,2000,0,1,230,0,0,0,0

APPTR,R12-Z,12,SJ402
IF,SJ402,25.490556,55.236111, ,0.0,0.0,2,2000,0,1,185,0,1,0
TF,BOMIV,25.435444,55.335889,0, ,0.0,0.0,0.0,0.0,2,2000,0,0,0,0,1,0

FINAL,R12-Z,12,G
IF,BOMIV,25.435444,55.335889, ,0.0,0.0,2,2000,0,0,0,0,0,0
TF,SJ575,25.394833,55.406778,0, ,0.0,0.0,120.0,4.6,1,2000,0,0,0,0,2,0
TF,RW12,25.338808,55.504103,0, ,0.0,0.0,120.0,6.3,1,139,0,0,0,0,3,1
DF,GIDOL,25.264444,55.750278,0, ,0.0,0.0,1,2000,0,1,210,0,0,1
HM,GIDOL,25.264444,55.750278,2, ,0.0,0.0,286.0,04.3,1,2000,0,1,230,0,0,0,0

APPTR,R30-Y,30,UKTAD
IF,UKTAD,25.381111,55.591944, ,0.0,0.0,1,6000,0,1,210,0,0,0
TF,SJ741,25.357361,55.672333,0, ,0.0,0.0,0.0,0.0,1,4650,0,1,180,0,0,0
RF,SJ742,25.260833,55.658472,2,ARC02,358.6,3.0,1,2500,0,1,165,0,0,0

FINAL,R30-Y,30,G
IF,SJ742,25.260833,55.658472, ,0.0,0.0,1,2500,0,1,165,0,2,0
RF,SJ743,25.268444,55.626361,2,ARC02,301.1,3.0,1,1950,0,1,165,0,0,0
TF,RW30,25.322083,55.533133,0, ,0.0,0.0,300.0,6.0,1,162,0,0,0,0,3,1
TF,SJ744,25.362778,55.462361,0, ,0.0,0.0,0.0,0.0,2,1500,0,0,0,0,0,0
TF,KITUR,25.462972,55.288194,0, ,0.0,0.0,0.0,0.0,0,0,0,1,210,0,0,1
HM,KITUR,25.462972,55.288194,1, ,0.0,0.0,120.0,04.3,1,2000,0,1,230,0,0,0,0

APPTR,R30-Z,30,SJ501
IF,SJ501,25.181944,55.771389, ,0.0,0.0,2,2000,0,1,185,0,1,0
TF,DAPAD,25.225611,55.699889,0, ,0.0,0.0,0.0,0.0,2,2000,0,0,0,0,1,0

FINAL,R30-Z,30,G
IF,DAPAD,25.225611,55.699889, ,0.0,0.0,2,2000,0,0,0,0,0,0
TF,SJ574,25.266667,55.629167,0, ,0.0,0.0,301.0,4.6,1,2000,0,0,0,0,2,0
TF,27THR,25.298342,55.574283,0, ,0.0,0.0,300.0,3.5,2,950,0,0,0,0,0,0
TF,RW30,25.322083,55.533133,0, ,0.0,0.0,300.0,2.7,1,162,0,0,0,0,3,1
DF,KITUR,25.462972,55.288194,0, ,0.0,0.0,1,2000,0,1,210,0,0,1
HM,KITUR,25.462972,55.288194,1, ,0.0,0.0,120.0,04.3,1,2000,0,1,230,0,0,0,0

