SID,ANVI2Q,12,5
CA,0,120.0,2,460,0,0,0,0,0,0
DF,AMBEB,25.302778,55.566667,0, ,0.0,0.0,0,0,0,0,0,0,0,1
TF,ATBID,25.250278,55.653056,0, ,0.0,0.0,0.0,0.0,0,0,0,0,0,0,0,0
TF,SJ460,25.186667,55.706389,0, ,0.0,0.0,0.0,0.0,1,2000,0,0,0,0,0,0
TF,MESGA,25.105000,55.776944,0, ,0.0,0.0,0.0,0.0,0,0,0,0,0,0,0,0
TF,SJ461,25.045833,55.785833,0, ,0.0,0.0,0.0,0.0,1,3000,0,0,0,0,0,0
TF,LUBAP,24.943611,55.801111,0, ,0.0,0.0,0.0,0.0,0,0,0,0,0,0,0,0
TF,ANVIX,24.781944,55.937778,0, ,0.0,0.0,0.0,0.0,2,10000,0,0,0,0,0,0

SID,ANVI3R,30,5
CA,0,301.0,2,460,0,0,0,0,0,0
DF,SJ550,25.383056,55.422778,0, ,0.0,0.0,3,3000,0,1,220,0,0,1
DF,SJ553,25.435556,55.486389,2, ,0.0,0.0,0,0,0,1,220,0,0,0
TF,SJ559,25.411389,55.556944,0, ,0.0,0.0,0.0,0.0,3,5000,0,0,0,0,0,0
TF,SJ455,25.330278,55.515833,2, ,0.0,0.0,0.0,0.0,1,5000,0,0,0,0,0,0
TF,SJ556,25.230000,55.387500,0, ,0.0,0.0,0.0,0.0,1,5000,0,0,0,0,0,0
TF,ITUBA,25.145833,55.466944,0, ,0.0,0.0,0.0,0.0,0,0,0,0,0,0,0,0
TF,GOBGI,25.043611,55.671944,0, ,0.0,0.0,0.0,0.0,0,0,0,0,0,0,0,0
TF,ANVIX,24.781944,55.937778,0, ,0.0,0.0,0.0,0.0,2,10000,0,0,0,0,0,0

SID,DAVM1Q,12,5
CA,0,120.0,2,460,0,0,0,0,0,0
DF,AMBEB,25.302778,55.566667,0, ,0.0,0.0,0,0,0,0,0,0,0,1
CF,SJ453,25.409444,55.648889,1,RAV,234.5,19.4,17.0,6.0,3,3000,0,1,220,0,0,0
TF,VEBUL,25.597778,55.579167,0, ,0.0,0.0,0.0,0.0,0,0,0,0,0,0,0,0
TF,DAVMO,25.857500,55.650000,0, ,0.0,0.0,0.0,0.0,0,0,0,0,0,0,0,0

SID,DAVM1R,30,5
CA,0,301.0,2,460,0,0,0,0,0,0
DF,SJ550,25.383056,55.422778,0, ,0.0,0.0,3,3000,0,1,220,0,0,1
DF,SJ558,25.605833,55.496389,0, ,0.0,0.0,3,3000,0,0,0,0,0,0
TF,DAVMO,25.857500,55.650000,0, ,0.0,0.0,0.0,0.0,0,0,0,0,0,0,0,0

SID,MIAD2Q,12,5
CA,0,120.0,2,460,0,0,0,0,0,0
DF,AMBEB,25.302778,55.566667,0, ,0.0,0.0,0,0,0,0,0,0,0,1
CF,SJ453,25.409444,55.648889,1,RAV,234.5,19.4,17.0,6.0,3,3000,0,1,220,0,0,0
TF,SJ454,25.435833,55.561667,1, ,0.0,0.0,0.0,0.0,2,4000,0,1,220,0,0,0
TF,SJ455,25.330278,55.515833,0, ,0.0,0.0,0.0,0.0,1,5000,0,0,0,0,0,0
TF,SJ458,25.185278,55.420556,0, ,0.0,0.0,0.0,0.0,1,5000,0,0,0,0,0,0
TF,MEBVA,25.202222,55.091667,0, ,0.0,0.0,0.0,0.0,0,0,0,0,0,0,0,0
TF,GINLA,25.140833,54.927222,0, ,0.0,0.0,0.0,0.0,0,0,0,0,0,0,0,0
TF,LOTEN,25.019722,54.941111,0, ,0.0,0.0,0.0,0.0,2,12000,0,0,0,0,0,0
TF,MIADA,24.853333,54.960000,0, ,0.0,0.0,0.0,0.0,2,15000,0,0,0,0,0,0

SID,MIAD3R,30,5
CA,0,301.0,2,460,0,0,0,0,0,0
DF,SJ550,25.383056,55.422778,0, ,0.0,0.0,3,3000,0,1,220,0,0,1
DF,SJ553,25.435556,55.486389,2, ,0.0,0.0,0,0,0,1,220,0,0,0
TF,SJ559,25.411389,55.556944,0, ,0.0,0.0,0.0,0.0,3,5000,0,0,0,0,0,0
TF,SJ455,25.330278,55.515833,2, ,0.0,0.0,0.0,0.0,1,5000,0,0,0,0,0,0
TF,EMUNI,25.300278,55.285833,0, ,0.0,0.0,0.0,0.0,1,5000,0,0,0,0,0,0
TF,DEMTO,25.232222,55.172222,0, ,0.0,0.0,0.0,0.0,0,0,0,0,0,0,0,0
TF,GINLA,25.140833,54.927222,0, ,0.0,0.0,0.0,0.0,0,0,0,0,0,0,0,0
TF,LOTEN,25.019722,54.941111,0, ,0.0,0.0,0.0,0.0,2,12000,0,0,0,0,0,0
TF,MIADA,24.853333,54.960000,0, ,0.0,0.0,0.0,0.0,2,15000,0,0,0,0,0,0

SID,MUVL1Q,12,5
CA,0,120.0,2,460,0,0,0,0,0,0
DF,AMBEB,25.302778,55.566667,0, ,0.0,0.0,0,0,0,0,0,0,0,1
CF,SJ453,25.409444,55.648889,1,RAV,234.5,19.4,17.0,6.0,3,3000,0,1,220,0,0,0
TF,SJ454,25.435833,55.561667,1, ,0.0,0.0,0.0,0.0,2,4000,0,1,220,0,0,0
TF,SJ455,25.330278,55.515833,0, ,0.0,0.0,0.0,0.0,1,5000,0,0,0,0,0,0
TF,SJ458,25.185278,55.420556,0, ,0.0,0.0,0.0,0.0,1,5000,0,0,0,0,0,0
TF,MEBVA,25.202222,55.091667,0, ,0.0,0.0,0.0,0.0,0,0,0,0,0,0,0,0
TF,EMOVA,25.243611,54.927222,0, ,0.0,0.0,0.0,0.0,0,0,0,0,0,0,0,0
TF,MUVLA,25.287778,54.750000,0, ,0.0,0.0,0.0,0.0,0,0,0,0,0,0,0,0

SID,MUVL2R,30,5
CA,0,301.0,2,460,0,0,0,0,0,0
DF,SJ550,25.383056,55.422778,0, ,0.0,0.0,3,3000,0,1,220,0,0,1
DF,SJ553,25.435556,55.486389,2, ,0.0,0.0,0,0,0,1,220,0,0,0
TF,SJ559,25.411389,55.556944,0, ,0.0,0.0,0.0,0.0,3,5000,0,0,0,0,0,0
TF,SJ455,25.330278,55.515833,2, ,0.0,0.0,0.0,0.0,1,5000,0,0,0,0,0,0
TF,EMUNI,25.300278,55.285833,0, ,0.0,0.0,0.0,0.0,1,5000,0,0,0,0,0,0
TF,EMOVA,25.243611,54.927222,0, ,0.0,0.0,0.0,0.0,0,0,0,0,0,0,0,0
TF,MUVLA,25.287778,54.750000,0, ,0.0,0.0,0.0,0.0,0,0,0,0,0,0,0,0

SID,NADI2Q,12,5
CA,0,120.0,2,460,0,0,0,0,0,0
DF,AMBEB,25.302778,55.566667,0, ,0.0,0.0,0,0,0,0,0,0,0,1
CF,SJ453,25.409444,55.648889,1,RAV,234.5,19.4,17.0,6.0,3,3000,0,1,220,0,0,0
TF,SJ454,25.435833,55.561667,1, ,0.0,0.0,0.0,0.0,2,4000,0,1,220,0,0,0
TF,SJ455,25.330278,55.515833,0, ,0.0,0.0,0.0,0.0,1,5000,0,0,0,0,0,0
TF,SJ458,25.185278,55.420556,0, ,0.0,0.0,0.0,0.0,1,5000,0,0,0,0,0,0
TF,SJ459,25.255278,55.250556,0, ,0.0,0.0,0.0,0.0,0,0,0,0,0,0,0,0
TF,ALVAV,25.318889,55.036944,0, ,0.0,0.0,0.0,0.0,0,0,0,0,0,0,0,0
TF,IVENA,25.358056,54.880556,0, ,0.0,0.0,0.0,0.0,0,0,0,0,0,0,0,0
TF,NADIL,25.381111,54.788056,0, ,0.0,0.0,0.0,0.0,0,0,0,0,0,0,0,0

SID,NADI2R,30,5
CA,0,301.0,2,460,0,0,0,0,0,0
DF,SJ550,25.383056,55.422778,0, ,0.0,0.0,0,0,0,1,220,0,0,1
TF,SJ551,25.448889,55.307778,0, ,0.0,0.0,0.0,0.0,1,2000,0,1,220,0,0,0
TF,SJ552,25.413333,55.132222,0, ,0.0,0.0,0.0,0.0,1,2000,0,1,220,0,0,0
TF,IVENA,25.358056,54.880556,0, ,0.0,0.0,0.0,0.0,0,0,0,0,0,0,0,0
TF,NADIL,25.381111,54.788056,0, ,0.0,0.0,0.0,0.0,0,0,0,0,0,0,0,0

SID,RIKE1Q,12,5
CA,0,120.0,2,460,0,0,0,0,0,0
DF,AMBEB,25.302778,55.566667,0, ,0.0,0.0,0,0,0,0,0,0,0,1
CF,SJ451,25.350000,55.736111,0,RAV,216.7,18.3,71.0,10.0,3,3000,0,1,220,0,0,0
TF,ENALI,25.283333,55.843056,0, ,0.0,0.0,0.0,0.0,4,7000,5000,0,0,0,0,0
TF,RIKET,25.316389,56.033333,0, ,0.0,0.0,0.0,0.0,0,0,0,0,0,0,0,0

SID,RIKE2R,30,5
CA,0,301.0,2,460,0,0,0,0,0,0
DF,SJ550,25.383056,55.422778,0, ,0.0,0.0,3,3000,0,1,220,0,0,1
DF,SJ554,25.472222,55.570556,2, ,0.0,0.0,3,3000,0,1,220,0,0,0
TF,DEDNU,25.367222,55.766944,0, ,0.0,0.0,0.0,0.0,0,0,0,0,0,0,0,0
TF,RIKET,25.316389,56.033333,0, ,0.0,0.0,0.0,0.0,0,0,0,0,0,0,0,0

SID,SITA1Q,12,5
CA,0,120.0,2,460,0,0,0,0,0,0
DF,AMBEB,25.302778,55.566667,0, ,0.0,0.0,0,0,0,0,0,0,0,1
CF,SJ453,25.409444,55.648889,1,RAV,234.5,19.4,17.0,6.0,3,3000,0,1,220,0,0,0
TF,SJ454,25.435833,55.561667,1, ,0.0,0.0,0.0,0.0,2,4000,0,1,220,0,0,0
TF,SJ455,25.330278,55.515833,0, ,0.0,0.0,0.0,0.0,1,5000,0,0,0,0,0,0
TF,SJ458,25.185278,55.420556,0, ,0.0,0.0,0.0,0.0,1,5000,0,0,0,0,0,0
TF,MEBVA,25.202222,55.091667,0, ,0.0,0.0,0.0,0.0,0,0,0,0,0,0,0,0
TF,GINLA,25.140833,54.927222,0, ,0.0,0.0,0.0,0.0,0,0,0,0,0,0,0,0
TF,SITAT,25.184722,54.750000,0, ,0.0,0.0,0.0,0.0,0,0,0,0,0,0,0,0

SID,SITA2R,30,5
CA,0,301.0,2,460,0,0,0,0,0,0
DF,SJ550,25.383056,55.422778,0, ,0.0,0.0,3,3000,0,1,220,0,0,1
DF,SJ553,25.435556,55.486389,2, ,0.0,0.0,0,0,0,1,220,0,0,0
TF,SJ559,25.411389,55.556944,0, ,0.0,0.0,0.0,0.0,3,5000,0,0,0,0,0,0
TF,SJ455,25.330278,55.515833,2, ,0.0,0.0,0.0,0.0,1,5000,0,0,0,0,0,0
TF,EMUNI,25.300278,55.285833,0, ,0.0,0.0,0.0,0.0,1,5000,0,0,0,0,0,0
TF,DEMTO,25.232222,55.172222,0, ,0.0,0.0,0.0,0.0,0,0,0,0,0,0,0,0
TF,GINLA,25.140833,54.927222,0, ,0.0,0.0,0.0,0.0,0,0,0,0,0,0,0,0
TF,SITAT,25.184722,54.750000,0, ,0.0,0.0,0.0,0.0,0,0,0,0,0,0,0,0

