APPTR,D34,34,EED
HF,EED,34.765927,-114.473902,2, ,0.0,0.0,335.0,04.3,2,6000,0,0,0,0,1,0,0
TF,BORYU,34.930214,-114.510586,0, ,0.0,0.0,0.0,0.0,2,5000,0,0,0,0,1,0

FINAL,D34,34,D
IF,BORYU,34.930214,-114.510586,EED,334.6,10.0,2,5000,0,0,0,0,0,0
CF,AGGID,35.032014,-114.533283,0,EED,334.6,16.2,335.0,6.2,2,3100,0,0,0,0,2,0
CF,BEPME,35.129281,-114.555019,0,EED,334.6,22.1,335.0,5.9,1,1085,0,0,0,0,3,0
CA,0,335.0,2,1110,0,0,0,0,0,0
VI,2, ,0.0,120.0,0,0,0,0,0,0,0,0
CF,EED,34.765927,-114.473902,0,EED,0.0,0.0,164.0,25.0,2,6000,0,0,0,0,0,0
HM,EED,34.765927,-114.473902,2, ,0.0,0.0,335.0,04.3,0,0,0,0,0,0,0,0,0

APPTR,R16,16,EED
IF,EED,34.765927,-114.473902, ,0.0,0.0,0,0,0,0,0,0,0,0
TF,LAKIY,35.475939,-114.662800,0, ,0.0,0.0,0.0,0.0,2,8000,0,0,0,0,0,1
HF,LAKIY,35.475939,-114.662800,2, ,0.0,0.0,144.0,07,2,6600,0,0,0,0,1,0,0

APPTR,R16,16,GFS
IF,GFS,35.131167,-115.176500, ,0.0,0.0,0,0,0,0,0,0,0,0
TF,LAKIY,35.475939,-114.662800,0, ,0.0,0.0,0.0,0.0,2,8000,0,0,0,0,0,1
HF,LAKIY,35.475939,-114.662800,2, ,0.0,0.0,144.0,07,2,6600,0,0,0,0,1,0,0

APPTR,R16,16,IGM
IF,IGM,35.260535,-113.934130, ,0.0,0.0,0,0,0,0,0,0,0,0
TF,LAKIY,35.475939,-114.662800,0, ,0.0,0.0,0.0,0.0,2,8100,0,0,0,0,0,1
HF,LAKIY,35.475939,-114.662800,2, ,0.0,0.0,144.0,07,2,6600,0,0,0,0,1,0,0

APPTR,R16,16,LYNSY
IF,LYNSY,35.660542,-114.756153, ,0.0,0.0,0,0,0,0,0,0,1,0
TF,LAKIY,35.475939,-114.662800,0, ,0.0,0.0,0.0,0.0,2,6600,0,0,0,0,1,0

FINAL,R16,16,G
IF,LAKIY,35.475939,-114.662800, ,0.0,0.0,2,6600,0,0,0,0,0,0
TF,MEBDE,35.303786,-114.570589,0, ,0.0,0.0,144.0,11.3,2,3300,0,0,0,0,2,0
TF,RW16,35.166267,-114.560211,0, ,0.0,0.0,164.0,8.3,1,675,0,0,0,0,3,1
CA,0,164.0,2,1101,0,0,0,0,0,0
DF,CALRA,34.948428,-114.543839,0, ,0.0,0.0,2,6300,0,0,0,0,0,1
HM,CALRA,34.948428,-114.543839,1, ,0.0,0.0,344.0,07,0,0,0,0,0,0,0,0,0

APPTR,R34,34,CALRA
HF,CALRA,34.948428,-114.543839,1, ,0.0,0.0,344.0,05,2,4300,0,0,0,0,1,0,0

APPTR,R34,34,EED
IF,EED,34.765927,-114.473902, ,0.0,0.0,0,0,0,0,0,0,1,0
TF,CALRA,34.948428,-114.543839,0, ,0.0,0.0,0.0,0.0,2,4300,0,0,0,0,1,0

APPTR,R34,34,GORSY
IF,GORSY,34.855508,-114.644958, ,0.0,0.0,0,0,0,0,0,0,1,0
TF,CALRA,34.948428,-114.543839,0, ,0.0,0.0,0.0,0.0,2,4300,0,0,0,0,1,0

FINAL,R34,34,G
IF,CALRA,34.948428,-114.543839, ,0.0,0.0,2,4300,0,0,0,0,0,0
TF,BULAC,35.050619,-114.551508,0, ,0.0,0.0,344.0,6.1,2,2600,0,0,0,0,2,0
TF,RW34,35.145703,-114.558661,0, ,0.0,0.0,344.0,5.7,1,754,0,0,0,0,3,1
DF,ZUMOD,35.317642,-114.571633,0, ,0.0,0.0,0,0,0,0,0,0,0,0
TF,CUTAD,35.490058,-114.701950,0, ,0.0,0.0,0.0,0.0,2,7600,0,0,0,0,0,1
HM,CUTAD,35.490058,-114.701950,2, ,0.0,0.0,334.0,07,0,0,0,0,0,0,0,0,0
