STAR,DENS1N,ALL,2
IF,DENSA,26.532778,54.488889, ,0.0,0.0,0,0,0,0,0,0,0,0
TF,LEN,26.536353,54.851123,0, ,0.0,0.0,0.0,0.0,0,0,0,0,0,0,0,0
TF,D075K,26.578922,55.050011,0, ,0.0,0.0,0.0,0.0,0,0,0,0,0,0,0,0

STAR,DENS1P,ALL,2
IF,DENSA,26.532778,54.488889, ,0.0,0.0,0,0,0,0,0,0,0,0
TF,D268H,26.534894,54.702503,0, ,0.0,0.0,0.0,0.0,0,0,0,0,0,0,0,0
TF,LEN,26.536353,54.851123,0, ,0.0,0.0,0.0,0.0,0,0,0,0,0,0,0,0

STAR,DENS1Q,ALL,2
IF,DENSA,26.532778,54.488889, ,0.0,0.0,0,0,0,0,0,0,0,0
TF,D259O,26.494492,54.576336,0, ,0.0,0.0,0.0,0.0,0,0,0,0,0,0,0,0

STAR,DENS1R,ALL,2
IF,DENSA,26.532778,54.488889, ,0.0,0.0,0,0,0,0,0,0,0,0
TF,LEN,26.530575,54.831754,0, ,0.0,0.0,0.0,0.0,0,0,0,0,0,0,0,0

STAR,KHM1N,ALL,2
IF,KHM,26.762802,55.907839, ,0.0,0.0,0,0,0,0,0,0,0,0
TF,D075U,26.618656,55.230619,0, ,0.0,0.0,0.0,0.0,0,0,0,0,0,0,0,0
TF,D075K,26.578922,55.050011,0, ,0.0,0.0,0.0,0.0,0,0,0,0,0,0,0,0

STAR,KHM1P,ALL,2
IF,KHM,26.762802,55.907839, ,0.0,0.0,0,0,0,0,0,0,0,0
TF,LEN,26.536353,54.851123,0, ,0.0,0.0,0.0,0.0,0,0,0,0,0,0,0,0
TF,D259O,26.494492,54.576336,0, ,0.0,0.0,0.0,0.0,0,0,0,0,0,0,0,0

STAR,KHM1Q,ALL,2
IF,KHM,26.762802,55.907839, ,0.0,0.0,0,0,0,0,0,0,0,0
TF,LEN,26.530575,54.831754,0, ,0.0,0.0,0.0,0.0,0,0,0,0,0,0,0,0

STAR,NABE1N,ALL,2
IF,NABEX,27.199167,54.226111, ,0.0,0.0,0,0,0,0,0,0,0,0
TF,LEN30,26.919408,54.491061,0, ,0.0,0.0,0.0,0.0,0,0,0,0,0,0,0,0
TF,D318O,26.727889,54.671414,0, ,0.0,0.0,0.0,0.0,0,0,0,0,0,0,0,0
TF,LEN,26.536353,54.851123,0, ,0.0,0.0,0.0,0.0,0,0,0,0,0,0,0,0
TF,D075K,26.578922,55.050011,0, ,0.0,0.0,0.0,0.0,0,0,0,0,0,0,0,0

STAR,NABE1P,ALL,2
IF,NABEX,27.199167,54.226111, ,0.0,0.0,0,0,0,0,0,0,0,0
TF,LEN30,26.919408,54.491061,0, ,0.0,0.0,0.0,0.0,0,0,0,0,0,0,0,0
TF,D318O,26.727889,54.671414,0, ,0.0,0.0,0.0,0.0,0,0,0,0,0,0,0,0
TF,LEN,26.536353,54.851123,0, ,0.0,0.0,0.0,0.0,0,0,0,0,0,0,0,0

STAR,NABE1Q,ALL,2
IF,NABEX,27.199167,54.226111, ,0.0,0.0,0,0,0,0,0,0,0,0
TF,LEN30,26.919408,54.491061,0, ,0.0,0.0,0.0,0.0,0,0,0,0,0,0,0,0
TF,D318O,26.727889,54.671414,0, ,0.0,0.0,0.0,0.0,0,0,0,0,0,0,0,0
TF,LEN,26.536353,54.851123,0, ,0.0,0.0,0.0,0.0,0,0,0,0,0,0,0,0
TF,D259O,26.494492,54.576336,0, ,0.0,0.0,0.0,0.0,0,0,0,0,0,0,0,0

APPTR,D08,08,D259O
IF,D259O,26.494492,54.576336, ,0.0,0.0,2,3000,0,0,0,0,1,0
CF,CD08,26.502861,54.631283,0,LEN,258.5,12.0,79.0,3.0,2,2100,0,0,0,0,1,0

FINAL,D08,08,D
IF,CD08,26.502861,54.631283,LEN,258.5,12.0,2,2100,0,0,0,0,0,0
CF,FD08,26.516769,54.722886,0,LEN,258.5,7.0,79.0,5.0,2,1900,0,0,0,0,2,0
CF,50VOR,26.522314,54.759533,0,LEN,258.5,5.0,79.0,2.0,2,1100,0,0,0,0,0,0
CF,MD08,26.527853,54.796183,0,LEN,258.5,3.0,79.0,2.0,1,434,0,0,0,0,3,0
CF,LEN,26.536353,54.851123,0,LEN,0.0,0.0,79.0,3.0,2,470,0,0,0,0,0,1
DF,D259O,26.494492,54.576336,2, ,0.0,0.0,1,3000,0,0,0,0,0,0
HM,D259O,26.494492,54.576336,2, ,0.0,0.0,79.0,04.3,0,0,0,0,0,0,0,0,0

APPTR,D26,26,D075K
IF,D075K,26.578922,55.050011, ,0.0,0.0,2,3000,0,0,0,0,1,0
CF,FD26,26.547833,54.905381,0,LEN,74.5,3.0,255.0,8.0,2,1400,0,0,0,0,0,0

FINAL,D26,26,D
IF,FD26,26.547833,54.905381,LEN,74.5,3.0,2,1400,0,0,0,0,2,0
CF,LEN,26.536353,54.851123,0,LEN,0.0,0.0,255.0,3.0,1,377,0,0,0,0,3,0
CA,0,255.0,2,470,0,0,0,0,0,0
VI,1, ,0.0,45.0,0,0,0,0,0,0,0,0
CF,D075K,26.578922,55.050011,0,LEN,74.5,11.0,75.0,6.0,1,3000,0,0,0,0,0,0
HM,D075K,26.578922,55.050011,1, ,0.0,0.0,255.0,04.3,0,0,0,0,0,0,0,0,0

APPTR,N08,08,LEN
FC,LEN,26.530575,54.831754,0,LEN,0.0,0.0,244.0,10.5,1,3000,0,0,0,0,1,1
CF,FN08,26.509783,54.645183,2,LEN,260.0,11.2,81.0,1.0,1,3000,0,0,0,0,0,0

FINAL,N08,08,N
IF,FN08,26.509783,54.645183,LEN,0.0,0.0,1,3000,0,0,0,0,2,0
CF,RW08,26.530431,54.812425,0,LEN,0.0,0.0,81.0,9.1,1,107,0,0,0,0,3,0
CF,LEN,26.530575,54.831754,0,LEN,249.3,0.0,81.0,1.1,2,470,0,0,0,0,0,1
CA,0,81.0,2,2500,0,0,0,0,0,0
DF,LEN,26.530575,54.831754,2, ,0.0,0.0,1,3000,0,0,0,0,0,0
HM,LEN,26.530575,54.831754,1, ,0.0,0.0,244.0,04.3,0,0,0,1,230,0,0,0,0

APPTR,N26,26,LEN1
IF,LEN,26.530575,54.831754, ,0.0,0.0,2,3000,0,0,0,0,1,0
FC,LEN,26.530575,54.831754,0,LEN,0.0,0.0,99.0,7.0,1,1500,0,0,0,0,0,1
CF,FN26,26.550542,54.915794,1,LEN,74.1,3.6,253.0,2.5,1,1500,0,0,0,0,0,0

APPTR,N26,26,LEN2
IF,LEN,26.530575,54.831754, ,0.0,0.0,2,3000,0,0,0,0,1,0
FC,LEN,26.530575,54.831754,0,LEN,0.0,0.0,86.0,9.0,1,1500,0,0,0,0,0,1
CF,FN26,26.550542,54.915794,1,LEN,74.1,3.6,253.0,4.5,1,1500,0,0,0,0,0,0

FINAL,N26,26,N
IF,FN26,26.550542,54.915794,LEN,0.0,0.0,1,1500,0,0,0,0,2,0
CF,RW26,26.534106,54.837178,0,LEN,0.0,0.0,253.0,4.3,1,117,0,0,0,0,3,0
CF,LEN,26.530575,54.831754,0,LEN,249.3,0.0,253.0,0.3,0,0,0,0,0,0,0,1
CA,0,245.0,2,2000,0,0,0,0,0,0
DF,LEN,26.530575,54.831754,1, ,0.0,0.0,1,3000,0,0,0,0,0,0
HM,LEN,26.530575,54.831754,2, ,0.0,0.0,97.0,04.3,0,0,0,1,230,0,0,0,0

APPTR,V26,26,LEN1
IF,LEN,26.536353,54.851123, ,0.0,0.0,2,3500,0,0,0,0,0,0
FC,LEN,26.536353,54.851123,0,LEN,0.0,0.0,106.0,7.0,1,1500,0,0,0,0,0,1
CF,FS26,26.544453,54.917069,1,LEN,80.0,3.6,260.0,4.4,1,1500,0,0,0,0,0,0

APPTR,V26,26,LEN2
IF,LEN,26.536353,54.851123, ,0.0,0.0,2,3500,0,0,0,0,0,0
FC,LEN,26.536353,54.851123,0,LEN,0.0,0.0,92.0,9.0,1,1500,0,0,0,0,0,1
CF,FS26,26.544453,54.917069,1,LEN,80.0,3.6,260.0,5.4,1,1500,0,0,0,0,0,0

FINAL,V26,26,D
IF,FS26,26.544453,54.917069,LEN,80.0,3.6,1,1500,0,0,0,0,2,0
CF,LEN,26.536353,54.851123,0,LEN,0.0,0.0,260.0,3.6,1,360,0,0,0,0,3,0
CA,0,250.0,2,2000,0,0,0,0,0,0
DF,LEN,26.536353,54.851123,1, ,0.0,0.0,1,3500,0,0,0,0,0,0
HM,LEN,26.536353,54.851123,2, ,0.0,0.0,106.0,04.3,0,0,0,0,0,0,0,0,0
