SID,DENS1A,26,2
CA,0,259.0,2,470,0,0,0,0,0,0
CF,DENSA,26.532778,54.488889,0,LEN,267.5,19.5,268.0,17.0,0,0,0,0,0,0,0,0

SID,DENS1B,08,2
CA,0,79.0,2,470,0,0,0,0,0,0
VI,2, ,0.0,298.0,0,0,0,0,0,0,0,0
CF,DENSA,26.532778,54.488889,0,LEN,267.5,19.5,268.0,13.0,0,0,0,0,0,0,0,0

SID,DENS1C,26,2
CA,0,259.0,2,470,0,0,0,0,0,0
CF,DENSA,26.532778,54.488889,0,LEN,267.5,19.5,268.0,17.0,0,0,0,0,0,0,0,0

SID,DENS1D,08,2
CA,0,79.0,2,470,0,0,0,0,0,0
VI,2, ,0.0,298.0,0,0,0,0,0,0,0,0
CF,DENSA,26.532778,54.488889,0,LEN,267.5,19.5,268.0,13.0,0,0,0,0,0,0,0,0

SID,KHM1A,26,2
CA,0,259.0,2,470,0,0,0,0,0,0
DF,LEN,26.536353,54.851123,1, ,0.0,0.0,0,0,0,0,0,0,0,0
TF,KHM,26.762802,55.907839,0, ,0.0,0.0,0.0,0.0,0,0,0,0,0,0,0,0

SID,KHM1B,08,2
CA,0,79.0,2,470,0,0,0,0,0,0
CF,KHM,26.762802,55.907839,0,LEN,74.3,58.4,75.0,58.0,0,0,0,0,0,0,0,0

SID,KHM1C,26,2
CA,0,259.0,2,470,0,0,0,0,0,0
DF,LEN,26.530575,54.831754,1, ,0.0,0.0,0,0,0,0,0,0,0,0
TF,KHM,26.762802,55.907839,0, ,0.0,0.0,0.0,0.0,0,0,0,0,0,0,0,0

SID,KHM1D,08,2
CA,0,79.0,2,470,0,0,0,0,0,0
CF,KHM,26.762802,55.907839,0,LEN,74.3,58.4,75.0,58.0,0,0,0,0,0,0,0,0

SID,NABE1A,26,2
CA,0,259.0,2,470,0,0,0,0,0,0
FA,LEN,26.536353,54.851123,0,LEN,0.0,0.0,260.0,2,2000,0,0,0,0,0,0
VI,2, ,0.0,3.0,0,0,0,0,0,0,0,0
CF,NABEX,27.199167,54.226111,0,LEN,317.9,51.9,318.0,43.0,0,0,0,0,0,0,0,0

SID,NABE1B,08,2
CA,0,79.0,2,470,0,0,0,0,0,0
VI,1, ,0.0,273.0,0,0,0,0,0,0,0,0
CF,NABEX,27.199167,54.226111,0,LEN,317.9,51.9,318.0,48.0,0,0,0,0,0,0,0,0

SID,NABE1D,26,2
CA,0,259.0,2,470,0,0,0,0,0,0
CA,0,260.0,2,2000,0,0,0,0,0,0
VI,2, ,0.0,4.0,0,0,0,0,0,0,0,0
CF,NABEX,27.199167,54.226111,0,LEN,317.9,51.9,319.0,43.0,0,0,0,0,0,0,0,0

SID,NABE1E,08,2
CA,0,79.0,2,470,0,0,0,0,0,0
VI,1, ,0.0,274.0,0,0,0,0,0,0,0,0
CF,NABEX,27.199167,54.226111,0,LEN,317.9,51.9,319.0,48.0,0,0,0,0,0,0,0,0

