STAR,ADDEL1,BTY,4
IF,BTY,36.800583,-116.747647, ,0.0,0.0,0,0,0,0,0,0,0,0
TF,MYCAL,36.460181,-116.264261,0, ,0.0,0.0,0.0,0.0,2,21000,0,0,0,0,0,0

STAR,ADDEL1,TUMBE,4
IF,TUMBE,36.805556,-116.667500, ,0.0,0.0,0,0,0,0,0,0,0,0
TF,MYCAL,36.460181,-116.264261,0, ,0.0,0.0,0.0,0.0,2,21000,0,0,0,0,0,0

STAR,ADDEL1,ALL,5
IF,MYCAL,36.460181,-116.264261, ,0.0,0.0,2,21000,0,0,0,0,0,0
TF,ADDEL,36.326675,-116.070183,0, ,0.0,0.0,0.0,0.0,0,0,0,0,0,0,0,0
TF,FUZZY,36.200575,-115.900281,0, ,0.0,0.0,0.0,0.0,0,0,0,0,0,0,0,0
TF,JARIK,36.159097,-115.760944,0, ,0.0,0.0,0.0,0.0,1,16000,0,1,250,0,0,0
TF,WELPO,36.087936,-115.548675,0, ,0.0,0.0,0.0,0.0,1,13000,0,0,0,0,0,0
TF,IPUMY,36.031061,-115.375328,0, ,0.0,0.0,0.0,0.0,0,0,0,0,0,0,0,0
TF,POSEE,36.017472,-115.175950,0, ,0.0,0.0,0.0,0.0,1,10000,0,1,210,0,0,0
TF,GUNVE,35.946067,-115.054181,0, ,0.0,0.0,0.0,0.0,1,8000,0,0,0,0,0,0
TF,HARFE,35.906358,-114.985522,0, ,0.0,0.0,0.0,0.0,1,8000,0,0,0,0,0,0
TF,KGRDN,35.758000,-114.995925,0, ,0.0,0.0,0.0,0.0,2,7300,0,0,0,0,0,0
TF,SADOE,35.759942,-115.054456,0, ,0.0,0.0,0.0,0.0,2,6300,0,0,0,0,0,1
VM,35.972861,-115.134444,0,259.0,0,0,0,0,0,0,0,0

STAR,CLARR3,DAG,1
IF,DAG,34.962384,-116.578128, ,0.0,0.0,0,0,0,0,0,0,0,0
TF,MISEN,35.102350,-116.403850,0, ,0.0,0.0,0.0,0.0,2,24000,0,0,0,0,0,0
TF,CLARR,35.675681,-115.679753,0, ,0.0,0.0,0.0,0.0,1,13000,0,1,250,0,0,0

STAR,CLARR3,ALL,2
IF,CLARR,35.675681,-115.679753, ,0.0,0.0,1,13000,0,1,250,0,0,0
TF,SKEBR,35.757158,-115.575572,0, ,0.0,0.0,0.0,0.0,0,0,0,0,0,0,0,0

STAR,FUZZY8,BTY,1
IF,BTY,36.800583,-116.747647, ,0.0,0.0,0,0,0,0,0,0,0,0
TF,MYCAL,36.460181,-116.264261,0, ,0.0,0.0,0.0,0.0,2,21000,0,0,0,0,0,0
TF,FUZZY,36.200575,-115.900281,0, ,0.0,0.0,0.0,0.0,0,0,0,0,0,0,0,0

STAR,FUZZY8,ALL,2
IF,FUZZY,36.200575,-115.900281, ,0.0,0.0,0,0,0,0,0,0,0,0
TF,IKRIY,36.037536,-115.472881,0, ,0.0,0.0,0.0,0.0,0,0,0,0,0,0,0,0
TF,IPUMY,36.031061,-115.375328,0, ,0.0,0.0,0.0,0.0,0,0,0,0,0,0,0,0
TF,BLD,35.995752,-114.863607,0, ,0.0,0.0,0.0,0.0,0,0,0,0,0,0,0,0

STAR,JOMIX1,DAG,4
IF,DAG,34.962384,-116.578128, ,0.0,0.0,0,0,0,0,0,0,0,0
TF,ZELMA,34.783331,-115.329864,0, ,0.0,0.0,0.0,0.0,0,0,0,0,0,0,0,0
TF,USCUP,35.201881,-114.948219,0, ,0.0,0.0,0.0,0.0,0,0,0,0,0,0,0,0
TF,JOMIX,35.441136,-114.880275,0, ,0.0,0.0,0.0,0.0,1,10000,0,1,250,0,0,0

STAR,JOMIX1,ZELMA,4
IF,ZELMA,34.783331,-115.329864, ,0.0,0.0,0,0,0,0,0,0,0,0
TF,USCUP,35.201881,-114.948219,0, ,0.0,0.0,0.0,0.0,0,0,0,0,0,0,0,0
TF,JOMIX,35.441136,-114.880275,0, ,0.0,0.0,0.0,0.0,1,10000,0,1,250,0,0,0

STAR,JOMIX1,ALL,5
IF,JOMIX,35.441136,-114.880275, ,0.0,0.0,1,10000,0,1,250,0,0,0
TF,KGRDN,35.758000,-114.995925,0, ,0.0,0.0,0.0,0.0,2,7300,0,0,0,0,0,0
TF,SADOE,35.759942,-115.054456,0, ,0.0,0.0,0.0,0.0,2,6300,0,0,0,0,0,1
VM,35.972861,-115.134444,0,259.0,0,0,0,0,0,0,0,0

STAR,KADDY2,IGM,1
IF,IGM,35.260535,-113.934130, ,0.0,0.0,0,0,0,0,0,0,0,0
TF,COTES,35.457144,-114.046172,0, ,0.0,0.0,0.0,0.0,3,19000,0,0,0,0,0,0
TF,ZIVSI,35.608819,-114.133053,0, ,0.0,0.0,0.0,0.0,0,0,0,0,0,0,0,0
TF,KADDY,35.742406,-114.383531,0, ,0.0,0.0,0.0,0.0,1,12000,0,1,250,0,0,0

STAR,KADDY2,PGS,1
IF,PGS,35.624667,-113.544500, ,0.0,0.0,0,0,0,0,0,0,0,0
TF,CEJAY,35.679175,-113.927261,0, ,0.0,0.0,0.0,0.0,3,19000,0,0,0,0,0,0
TF,KADDY,35.742406,-114.383531,0, ,0.0,0.0,0.0,0.0,1,12000,0,1,250,0,0,0

STAR,KADDY2,ALL,2
IF,KADDY,35.742406,-114.383531, ,0.0,0.0,1,12000,0,1,250,0,0,0
VM,35.972861,-115.134444,0,325.0,0,0,0,0,0,0,0,0

STAR,KNGMN2,ALL,5
IF,IGM,35.260535,-113.934130, ,0.0,0.0,0,0,0,0,0,0,0,0
TF,LYNSY,35.660542,-114.756153,0, ,0.0,0.0,0.0,0.0,1,11000,0,1,250,0,0,0
TF,KGRDN,35.758000,-114.995925,0, ,0.0,0.0,0.0,0.0,2,7300,0,0,0,0,0,0
TF,SADOE,35.759942,-115.054456,0, ,0.0,0.0,0.0,0.0,2,6300,0,0,0,0,0,1
VM,35.972861,-115.134444,0,259.0,0,0,0,0,0,0,0,0

STAR,LUXOR2,BCE,1
IF,BCE,37.689167,-112.303833, ,0.0,0.0,0,0,0,0,0,0,0,0
TF,KSINO,36.575589,-114.084608,0, ,0.0,0.0,0.0,0.0,0,0,0,0,0,0,0,0
TF,LUXOR,36.394894,-114.480428,0, ,0.0,0.0,0.0,0.0,1,12000,0,1,250,0,0,0

STAR,LUXOR2,BETHL,1
IF,BETHL,36.884417,-112.440431, ,0.0,0.0,0,0,0,0,0,0,0,0
TF,HOLDM,36.818639,-113.544608,0, ,0.0,0.0,0.0,0.0,0,0,0,0,0,0,0,0
TF,KSINO,36.575589,-114.084608,0, ,0.0,0.0,0.0,0.0,0,0,0,0,0,0,0,0
TF,LUXOR,36.394894,-114.480428,0, ,0.0,0.0,0.0,0.0,1,12000,0,1,250,0,0,0

STAR,LUXOR2,MLF,1
IF,MLF,38.360356,-113.013233, ,0.0,0.0,0,0,0,0,0,0,0,0
TF,KSINO,36.575589,-114.084608,0, ,0.0,0.0,0.0,0.0,0,0,0,0,0,0,0,0
TF,LUXOR,36.394894,-114.480428,0, ,0.0,0.0,0.0,0.0,1,12000,0,1,250,0,0,0

STAR,LUXOR2,ALL,2
IF,LUXOR,36.394894,-114.480428, ,0.0,0.0,1,12000,0,1,250,0,0,0
TF,BAMAA,36.133967,-114.731514,0, ,0.0,0.0,0.0,0.0,1,8000,0,1,210,0,0,0
TF,LAS,36.079576,-115.159816,0, ,0.0,0.0,0.0,0.0,0,0,0,0,0,0,0,0

STAR,NOOTN2,BCE,4
IF,BCE,37.689167,-112.303833, ,0.0,0.0,0,0,0,0,0,0,0,0
TF,NOOTN,36.625731,-113.344514,0, ,0.0,0.0,0.0,0.0,0,0,0,0,0,0,0,0

STAR,NOOTN2,ALL,5
IF,NOOTN,36.625731,-113.344514, ,0.0,0.0,0,0,0,0,0,0,0,0
TF,SHABI,36.445631,-113.923875,0, ,0.0,0.0,0.0,0.0,0,0,0,0,0,0,0,0
TF,MORRK,36.317908,-114.328853,0, ,0.0,0.0,0.0,0.0,1,13000,0,1,250,0,0,0
TF,DROID,36.184031,-114.485194,0, ,0.0,0.0,0.0,0.0,0,0,0,0,0,0,0,0
TF,GRUNY,35.940503,-114.657306,0, ,0.0,0.0,0.0,0.0,0,0,0,0,0,0,0,0
TF,KGRDN,35.758000,-114.995925,0, ,0.0,0.0,0.0,0.0,2,7300,0,0,0,0,0,0
TF,SADOE,35.759942,-115.054456,0, ,0.0,0.0,0.0,0.0,2,6300,0,0,0,0,0,1
VM,35.972861,-115.134444,0,259.0,0,0,0,0,0,0,0,0

APPTR,RNV-B,RNAV-B,SKEBR
IF,SKEBR,35.757158,-115.575572, ,0.0,0.0,0,0,0,0,0,0,0,0
TF,JERAR,35.709936,-115.241319,0, ,0.0,0.0,0.0,0.0,2,8600,0,0,0,0,1,0
TF,HAKID,35.762622,-115.136856,0, ,0.0,0.0,0.0,0.0,2,6300,0,0,0,0,0,0

FINAL,RNV-B,RNAV-B,G
IF,HAKID,35.762622,-115.136856, ,0.0,0.0,2,6300,0,0,0,0,0,0
TF,ITFEL,35.812697,-115.136544,0, ,0.0,0.0,347.0,3.0,2,5900,0,0,0,0,0,0
TF,JEXIX,35.847758,-115.136325,0, ,0.0,0.0,347.0,2.1,2,5700,0,0,0,0,2,0
TF,KAYTU,35.912969,-115.135919,0, ,0.0,0.0,347.0,3.9,2,4600,0,0,0,0,0,0
TF,RW35L,35.963042,-115.135533,0, ,0.0,0.0,347.0,3.0,1,2544,0,0,0,0,3,1
CA,0,347.0,2,2492,0,0,0,0,0,0
DF,JUVNO,35.999297,-114.803556,2, ,0.0,0.0,2,7000,0,0,0,0,0,1
HM,JUVNO,35.999297,-114.803556,2, ,0.0,0.0,330.0,07,0,0,0,0,0,0,0,0,0

APPTR,VOR-C,VOR-C,BLD
IF,BLD,35.995752,-114.863607, ,0.0,0.0,2,6000,0,0,0,0,1,0
CF,AGNUT,35.975897,-115.028731,0,BLD,246.6,8.1,247.0,8.1,2,5700,0,0,0,0,0,0

FINAL,VOR-C,VOR-C,D
IF,AGNUT,35.975897,-115.028731, ,0.0,0.0,2,5700,0,0,0,0,2,0
CF,CIXOG,35.970528,-115.073003,0,BLD,246.6,10.0,247.0,2.2,2,4840,0,0,0,0,0,0
CF,COCAB,35.964839,-115.119706,0,BLD,246.6,13.1,247.0,2.3,1,3620,0,0,0,0,3,0
CF,GABIL,35.957644,-115.178583,0,BLD,246.6,16.0,247.0,2.9,0,0,0,0,0,0,0,1
DF,BLD,35.995752,-114.863607,2, ,0.0,0.0,2,7000,0,0,0,0,0,0
HM,BLD,35.995752,-114.863607,2, ,0.0,0.0,330.0,04.3,0,0,0,0,0,0,0,0,0
