SID,ACSIN3,17R,5
VI,0, ,0.0,168.0,0,0,0,0,0,0,0,0
CF,CAVER,35.908839,-115.165022,0,BLD,235.6,15.6,198.0,2.8,0,0,0,0,0,0,0,0
TF,DAWNI,35.841119,-115.155194,0, ,0.0,0.0,0.0,0.0,0,0,0,0,0,0,0,0
TF,CAPTA,35.782564,-114.976261,0, ,0.0,0.0,0.0,0.0,0,0,0,0,0,0,0,0
TF,BAWLD,35.792331,-114.787097,0, ,0.0,0.0,0.0,0.0,0,0,0,0,0,0,0,0
TF,ACSIN,35.877842,-114.564786,0, ,0.0,0.0,0.0,0.0,2,13000,0,0,0,0,0,0
TF,REELY,36.086056,-114.411989,0, ,0.0,0.0,0.0,0.0,0,0,0,0,0,0,0,0
TF,TRALR,36.193703,-114.244608,0, ,0.0,0.0,0.0,0.0,3,19000,0,0,0,0,0,0
TF,BEERZ,36.345433,-113.777378,0, ,0.0,0.0,0.0,0.0,0,0,0,0,0,0,0,0

SID,ACSIN3,CIKED,6
IF,BEERZ,36.345433,-113.777378, ,0.0,0.0,0,0,0,0,0,0,0,0
TF,CIRQS,36.477686,-113.273342,0, ,0.0,0.0,0.0,0.0,0,0,0,0,0,0,0,0
TF,CIKED,37.433333,-112.116667,0, ,0.0,0.0,0.0,0.0,0,0,0,0,0,0,0,0

SID,ACSIN3,CIRQS,6
IF,BEERZ,36.345433,-113.777378, ,0.0,0.0,0,0,0,0,0,0,0,0
TF,CIRQS,36.477686,-113.273342,0, ,0.0,0.0,0.0,0.0,0,0,0,0,0,0,0,0

SID,PALLY3,17R,5
VI,0, ,0.0,168.0,0,0,0,0,0,0,0,0
CF,CAVER,35.908839,-115.165022,0,BLD,235.6,15.6,198.0,2.8,0,0,0,0,0,0,0,0
TF,DAWNI,35.841119,-115.155194,0, ,0.0,0.0,0.0,0.0,0,0,0,0,0,0,0,0
TF,CRESO,35.774036,-115.165211,0, ,0.0,0.0,0.0,0.0,4,7000,6700,0,0,0,0,0
TF,PALLY,35.683483,-115.282047,0, ,0.0,0.0,0.0,0.0,0,0,0,0,0,0,0,0

SID,PALLY3,HEC,6
IF,PALLY,35.683483,-115.282047, ,0.0,0.0,0,0,0,0,0,0,0,0
TF,HEC,34.797214,-116.462929,0, ,0.0,0.0,0.0,0.0,0,0,0,0,0,0,0,0

SID,PALLY3,KENNO,6
IF,PALLY,35.683483,-115.282047, ,0.0,0.0,0,0,0,0,0,0,0,0
TF,WHYME,35.732567,-115.394181,0, ,0.0,0.0,0.0,0.0,1,8000,0,0,0,0,0,0
TF,ZUVID,35.799900,-115.546119,0, ,0.0,0.0,0.0,0.0,2,10000,0,0,0,0,0,0
TF,HEMOM,35.826811,-115.630056,0, ,0.0,0.0,0.0,0.0,3,14000,0,0,0,0,0,0
TF,HEDAL,35.958592,-116.039644,0, ,0.0,0.0,0.0,0.0,2,17000,0,0,0,0,0,0
TF,DBIGE,36.445767,-116.608225,0, ,0.0,0.0,0.0,0.0,2,21000,0,0,0,0,0,0
TF,BIKKR,36.566667,-116.750000,0, ,0.0,0.0,0.0,0.0,0,0,0,0,0,0,0,0
TF,KENNO,37.298158,-117.310225,0, ,0.0,0.0,0.0,0.0,0,0,0,0,0,0,0,0

SID,PALLY3,OAL,6
IF,PALLY,35.683483,-115.282047, ,0.0,0.0,0,0,0,0,0,0,0,0
TF,WHYME,35.732567,-115.394181,0, ,0.0,0.0,0.0,0.0,1,8000,0,0,0,0,0,0
TF,ZUVID,35.799900,-115.546119,0, ,0.0,0.0,0.0,0.0,2,10000,0,0,0,0,0,0
TF,HEMOM,35.826811,-115.630056,0, ,0.0,0.0,0.0,0.0,3,14000,0,0,0,0,0,0
TF,HEDAL,35.958592,-116.039644,0, ,0.0,0.0,0.0,0.0,2,17000,0,0,0,0,0,0
TF,DBIGE,36.445767,-116.608225,0, ,0.0,0.0,0.0,0.0,2,21000,0,0,0,0,0,0
TF,BIKKR,36.566667,-116.750000,0, ,0.0,0.0,0.0,0.0,0,0,0,0,0,0,0,0
TF,KENNO,37.298158,-117.310225,0, ,0.0,0.0,0.0,0.0,0,0,0,0,0,0,0,0
TF,OAL,38.003333,-117.770500,0, ,0.0,0.0,0.0,0.0,0,0,0,0,0,0,0,0

SID,PALLY3,ZELMA,6
IF,PALLY,35.683483,-115.282047, ,0.0,0.0,0,0,0,0,0,0,0,0
TF,ZELMA,34.783331,-115.329864,0, ,0.0,0.0,0.0,0.0,0,0,0,0,0,0,0,0
