STAR,GORAK2,10,2
IF,GORAK,43.499722,45.081944, ,0.0,0.0,2,7000,0,0,0,0,0,0
TF,CX,43.215500,44.539874,0, ,0.0,0.0,0.0,0.0,1,6000,0,0,0,0,0,0
TF,D239H,43.158333,44.366667,0, ,0.0,0.0,0.0,0.0,1,4300,0,0,0,0,0,1
CF,D257H,43.200000,44.346667,2,MKL,274.0,147.0,5.0,1.0,1,3610,0,0,0,0,0,1
CF,CN10,43.233306,44.414067,2,MKL,274.9,142.7,95.0,1.0,1,3610,0,0,0,0,0,0

STAR,GORAK4,28,2
IF,GORAK,43.499722,45.081944, ,0.0,0.0,2,7000,0,0,0,0,0,0
TF,C,43.210717,44.572100,0, ,0.0,0.0,0.0,0.0,1,6000,0,0,0,0,0,1
CF,D117J,43.116667,44.766667,1,MKL,272.9,128.0,95.0,8.0,1,4300,0,0,0,0,0,1
CF,D104J,43.150000,44.800000,1,MKL,273.9,126.9,5.0,2.0,1,4140,0,0,0,0,0,1
CF,FN28,43.181667,44.763333,1,MKL,274.7,128.7,275.0,1.0,1,3650,0,0,0,0,0,0

STAR,ODRI2A,10,2
IF,ODRIK,43.433056,43.948611, ,0.0,0.0,0,0,0,0,0,0,0,0
TF,HOTOV,43.352222,44.184167,0, ,0.0,0.0,0.0,0.0,2,7000,0,0,0,0,0,0
TF,D276H,43.241667,44.370000,0, ,0.0,0.0,0.0,0.0,1,3610,0,0,0,0,0,1
CF,CN10,43.233306,44.414067,0,MKL,274.9,142.7,95.0,1.0,1,3610,0,0,0,0,0,0

STAR,ODRIK2,10,2
IF,ODRIK,43.433056,43.948611, ,0.0,0.0,0,0,0,0,0,0,0,0
TF,HOTOV,43.352222,44.184167,0, ,0.0,0.0,0.0,0.0,2,7000,0,0,0,0,0,0
TF,CX,43.215500,44.539874,0, ,0.0,0.0,0.0,0.0,1,6000,0,0,0,0,0,1
CF,D239H,43.158333,44.366667,2,MKL,273.1,145.8,275.0,6.0,1,4300,0,0,0,0,0,1
CF,D257H,43.200000,44.346667,2,MKL,274.0,147.0,5.0,1.0,1,3610,0,0,0,0,0,1
CF,CN10,43.233306,44.414067,2,MKL,274.9,142.7,95.0,1.0,1,3610,0,0,0,0,0,0

STAR,ODRIK4,28,2
IF,ODRIK,43.433056,43.948611, ,0.0,0.0,0,0,0,0,0,0,0,0
TF,HOTOV,43.352222,44.184167,0, ,0.0,0.0,0.0,0.0,2,7000,0,0,0,0,0,0
TF,C,43.210717,44.572100,0, ,0.0,0.0,0.0,0.0,1,6000,0,0,0,0,0,0
TF,D117J,43.116667,44.766667,0, ,0.0,0.0,0.0,0.0,1,4300,0,0,0,0,0,1
CF,D104J,43.150000,44.800000,1,MKL,273.9,126.9,5.0,2.0,1,4140,0,0,0,0,0,1
CF,FN28,43.181667,44.763333,1,MKL,274.7,128.7,275.0,1.0,1,3650,0,0,0,0,0,0

STAR,POGUL2,10,2
IF,POGUL,44.083056,44.265278, ,0.0,0.0,0,0,0,0,0,0,0,0
TF,RATKI,43.666667,44.300000,0, ,0.0,0.0,0.0,0.0,0,0,0,0,0,0,0,0
TF,MABEK,43.434444,44.455000,0, ,0.0,0.0,0.0,0.0,2,8000,0,0,0,0,0,0
TF,CX,43.215500,44.539874,0, ,0.0,0.0,0.0,0.0,1,6000,0,0,0,0,0,0
VI,0, ,0.0,215.0,0,0,0,0,0,0,0,0
CF,D239H,43.158333,44.366667,0,MKL,273.1,145.8,275.0,6.0,1,4300,0,0,0,0,0,1
CF,D257H,43.200000,44.346667,2,MKL,274.0,147.0,5.0,1.0,1,3610,0,0,0,0,0,1
CF,CN10,43.233306,44.414067,2,MKL,274.9,144.3,95.0,1.0,1,3610,0,0,0,0,0,0

STAR,POGUL4,28,2
IF,POGUL,44.083056,44.265278, ,0.0,0.0,0,0,0,0,0,0,0,0
TF,RATKI,43.666667,44.300000,0, ,0.0,0.0,0.0,0.0,0,0,0,0,0,0,0,0
TF,MABEK,43.434444,44.455000,0, ,0.0,0.0,0.0,0.0,2,8000,0,0,0,0,0,0
TF,C,43.210717,44.572100,0, ,0.0,0.0,0.0,0.0,1,6000,0,0,0,0,0,0
TF,D117J,43.116667,44.766667,0, ,0.0,0.0,0.0,0.0,1,4300,0,0,0,0,0,1
CF,D104J,43.150000,44.800000,1,MKL,273.9,126.9,5.0,2.0,1,4140,0,0,0,0,0,1
CF,FN28,43.181667,44.763333,1,MKL,274.7,128.7,275.0,1.0,1,3650,0,0,0,0,0,0

FINAL,N10,10,N
IF,CN10,43.233306,44.414067,CX,0.0,0.0,1,3610,0,0,0,0,0,0
CF,FN10,43.228333,44.450000,0,CX,0.0,0.0,95.0,1.6,1,3610,0,0,0,0,2,0
CF,CX,43.215500,44.539874,0,CX,0.0,0.0,95.0,3.9,2,2390,0,0,0,0,0,0
CF,C,43.210717,44.572100,0,CX,0.0,0.0,95.0,1.7,1,1863,0,0,0,0,3,0
CA,0,95.0,2,2620,0,0,0,0,0,0
VM,0,0,2,275.0,1,4300,0,0,0,0,0,0

FINAL,N28,28,N
IF,FN28,43.181667,44.763333,C,0.0,0.0,2,3650,0,0,0,0,2,0
CF,MN28,43.196917,44.665117,0,C,0.0,0.0,275.0,4.4,1,2297,0,0,0,0,3,0
CA,0,275.0,2,2660,0,0,0,0,0,0
VM,0,0,1,95.0,1,4300,0,0,0,0,0,0

