SID,GORA1A,10,2
CA,0,95.0,2,2620,0,0,0,0,0,0
CF,GORAK,43.499722,45.081944,0,MKL,284.8,119.7,37.0,25.0,2,7000,0,0,0,0,0,0

SID,GORA3A,28,2
CA,0,275.0,2,2660,0,0,0,0,0,0
CF,GORAK,43.499722,45.081944,2,MKL,284.8,119.7,53.0,28.0,2,7000,0,0,0,0,0,0

SID,GORAK1,10,2
CA,0,95.0,2,2620,0,0,0,0,0,0
CF,URMO,43.205706,44.605808,2,MKL,274.8,135.7,347.0,3.0,2,5000,0,0,0,0,0,1
CF,GORAK,43.499722,45.081944,0,MKL,284.8,119.7,45.0,26.0,2,7000,0,0,0,0,0,0

SID,GORAK3,28,2
CA,0,275.0,2,2660,0,0,0,0,0,0
CF,DER10,43.202500,44.624722,1,MKL,274.8,134.9,41.0,4.0,2,5000,0,0,0,0,0,0
TF,GORAK,43.499722,45.081944,0, ,0.0,0.0,0.0,0.0,2,7000,0,0,0,0,0,0

SID,ODRIK1,10,2
CA,0,95.0,2,2620,0,0,0,0,0,0
CF,HOTOV,43.352222,44.184167,2,MKL,277.0,155.5,297.0,24.0,2,8000,0,0,0,0,0,0
TF,ODRIK,43.433056,43.948611,0, ,0.0,0.0,0.0,0.0,0,0,0,0,0,0,0,0

SID,ODRIK3,28,2
CA,0,275.0,2,2660,0,0,0,0,0,0
CF,HOTOV,43.352222,44.184167,0,MKL,277.0,155.5,292.0,18.0,2,8000,0,0,0,0,0,0
TF,ODRIK,43.433056,43.948611,0, ,0.0,0.0,0.0,0.0,0,0,0,0,0,0,0,0

SID,POGU3A,28,2
CA,0,275.0,2,2660,0,0,0,0,0,0
CF,MABEK,43.434444,44.455000,0,MKL,279.8,144.9,340.0,13.0,2,8000,0,0,0,0,0,0
TF,RATKI,43.666667,44.300000,0, ,0.0,0.0,0.0,0.0,0,0,0,0,0,0,0,0
TF,POGUL,44.083056,44.265278,0, ,0.0,0.0,0.0,0.0,0,0,0,0,0,0,0,0

SID,POGUL1,10,2
CA,0,95.0,2,2620,0,0,0,0,0,0
CF,URMO,43.205706,44.605808,2,MKL,274.8,135.7,347.0,3.0,2,5000,0,0,0,0,0,0
TF,MABEK,43.434444,44.455000,0, ,0.0,0.0,0.0,0.0,2,8000,0,0,0,0,0,0
TF,RATKI,43.666667,44.300000,0, ,0.0,0.0,0.0,0.0,0,0,0,0,0,0,0,0
TF,POGUL,44.083056,44.265278,0, ,0.0,0.0,0.0,0.0,0,0,0,0,0,0,0,0

SID,POGUL3,28,2
CA,0,275.0,2,2660,0,0,0,0,0,0
CF,C,43.210717,44.572100,1,MKL,274.8,137.1,332.0,2.0,2,5000,0,0,0,0,0,0
TF,MABEK,43.434444,44.455000,0, ,0.0,0.0,0.0,0.0,2,8000,0,0,0,0,0,0
TF,RATKI,43.666667,44.300000,0, ,0.0,0.0,0.0,0.0,0,0,0,0,0,0,0,0
TF,POGUL,44.083056,44.265278,0, ,0.0,0.0,0.0,0.0,0,0,0,0,0,0,0,0

