STAR,NABE1R,27,2
IF,NABEX,27.199167,54.226111, ,0.0,0.0,0,0,0,0,0,0,0,0
TF,D130K,27.549269,54.571956,0, ,0.0,0.0,0.0,0.0,0,0,0,0,0,0,0,0
TF,D088O,27.674881,54.696783,0, ,0.0,0.0,0.0,0.0,0,0,0,0,0,0,0,0

STAR,NABE1S,ALL,2
IF,NABEX,27.199167,54.226111, ,0.0,0.0,0,0,0,0,0,0,0,0
TF,D197L,27.486161,54.339906,0, ,0.0,0.0,0.0,0.0,0,0,0,0,0,0,0,0
TF,LAR,27.674948,54.416221,0, ,0.0,0.0,0.0,0.0,0,0,0,0,0,0,0,0

STAR,NABE1T,09,2
IF,NABEX,27.199167,54.226111, ,0.0,0.0,0,0,0,0,0,0,0,0
TF,D268Q,27.674797,54.096058,0, ,0.0,0.0,0.0,0.0,0,0,0,0,0,0,0,0

STAR,ROTA1Q,ALL,2
IF,ROTAL,27.544722,53.888889, ,0.0,0.0,0,0,0,0,0,0,0,0
TF,LAR,27.674948,54.416221,0, ,0.0,0.0,0.0,0.0,0,0,0,0,0,0,0,0
TF,D088O,27.674881,54.696783,0, ,0.0,0.0,0.0,0.0,0,0,0,0,0,0,0,0

STAR,ROTA1R,ALL,2
IF,ROTAL,27.544722,53.888889, ,0.0,0.0,0,0,0,0,0,0,0,0
TF,LAR,27.674948,54.416221,0, ,0.0,0.0,0.0,0.0,0,0,0,0,0,0,0,0

STAR,ROTA1S,09,2
IF,ROTAL,27.544722,53.888889, ,0.0,0.0,0,0,0,0,0,0,0,0
TF,D268Q,27.674797,54.096058,0, ,0.0,0.0,0.0,0.0,0,0,0,0,0,0,0,0

APPTR,D09-3,09,D268Q
IF,D268Q,27.674797,54.096058, ,0.0,0.0,2,8200,0,1,210,0,1,0
TF,D268N,27.674917,54.152378,0, ,0.0,0.0,0.0,0.0,2,6900,0,0,0,0,0,0
TF,CD09,27.674983,54.189922,0, ,0.0,0.0,0.0,0.0,2,6000,0,0,0,0,1,0

FINAL,D09-3,09,D
IF,CD09,27.674983,54.189922,LAR,268.0,12.0,2,6000,0,0,0,0,0,0
CF,VOR10,27.675039,54.227467,0,LAR,268.0,10.0,88.0,2.0,2,5700,0,0,0,0,0,0
CF,FD09,27.675103,54.283783,0,LAR,268.0,7.0,88.0,3.0,2,4800,0,0,0,0,2,0
CF,50VOR,27.675133,54.321331,0,LAR,268.0,5.0,88.0,2.0,2,4000,0,0,0,0,0,0
CF,MD09,27.675153,54.358875,0,LAR,268.0,3.0,88.0,2.0,1,2931,0,0,0,0,3,0
CF,LAR,27.674948,54.416221,0,LAR,0.0,0.0,88.0,3.0,2,3050,0,0,0,0,0,0
CF,D088O,27.674881,54.696783,0,LAR,88.0,15.0,88.0,15.0,1,8500,0,0,0,0,0,0
HM,D088O,27.674881,54.696783,2, ,0.0,0.0,268.0,04.3,0,0,0,1,230,0,0,0,0

APPTR,D27-1,27,D088O
IF,D088O,27.674881,54.696783, ,0.0,0.0,2,8500,0,1,220,0,1,0
CF,FD27,27.675039,54.602919,0,LAR,88.0,10.0,268.0,5.0,2,6500,0,0,0,0,0,0

FINAL,D27-1,27,D
IF,FD27,27.675039,54.602919,LAR,88.0,10.0,2,6500,0,0,0,0,2,0
CF,60VOR,27.675119,54.527828,0,LAR,88.0,6.0,268.0,4.0,2,5100,0,0,0,0,0,0
CF,35VOR,27.675150,54.480897,0,LAR,88.0,3.5,268.0,2.5,2,4200,0,0,0,0,0,0
CF,LAR,27.674948,54.416221,0,LAR,0.0,0.0,268.0,3.5,1,2974,0,0,0,0,3,0
FA,LAR,27.674948,54.416221,0,LAR,0.0,0.0,270.0,2,5000,0,0,0,0,0,0
DF,LAR,27.674948,54.416221,2, ,0.0,0.0,0,0,0,0,0,0,0,0
CF,D088O,27.674881,54.696783,0,LAR,88.0,15.0,88.0,15.0,1,8500,0,0,0,0,0,0
HM,D088O,27.674881,54.696783,2, ,0.0,0.0,268.0,04.3,0,0,0,1,230,0,0,0,0

APPTR,D27-2,27,LAR
IF,LAR,27.674948,54.416221, ,0.0,0.0,2,9000,0,1,210,0,1,0
CF,D088O,27.674881,54.696783,0,LAR,88.0,15.0,88.0,15.0,0,0,0,0,0,0,0,0
FC,D088O,27.674881,54.696783,0,LAR,0.0,0.0,43.0,4.3,0,0,0,0,0,0,0,1
CF,D088O,27.674881,54.696783,2,LAR,88.0,15.0,268.0,5.0,2,8000,0,0,0,0,1,0
CF,FD27,27.675039,54.602919,0,LAR,88.0,10.0,268.0,5.0,2,6500,0,0,0,0,0,0

FINAL,D27-2,27,D
IF,FD27,27.675039,54.602919,LAR,88.0,10.0,2,6500,0,0,0,0,2,0
CF,60VOR,27.675119,54.527828,0,LAR,88.0,6.0,268.0,4.0,2,5100,0,0,0,0,0,0
CF,35VOR,27.675150,54.480897,0,LAR,88.0,3.5,268.0,2.5,2,4200,0,0,0,0,0,0
CF,LAR,27.674948,54.416221,0,LAR,0.0,0.0,268.0,3.5,1,2974,0,0,0,0,3,0
FA,LAR,27.674948,54.416221,0,LAR,0.0,0.0,270.0,2,6000,0,0,0,0,0,0
DF,LAR,27.674948,54.416221,2, ,0.0,0.0,1,9000,0,0,0,0,0,0
HM,LAR,27.674948,54.416221,1, ,0.0,0.0,88.0,04.3,0,0,0,1,220,0,0,0,0