STAR,BUBI8C,30L,5
IF,BUBIN,24.961667,56.111667, ,0.0,0.0,0,0,0,0,0,0,0,0
TF,GIRMI,25.044722,55.958333,0, ,0.0,0.0,0.0,0.0,3,11000,0,1,230,0,0,0
TF,DB518,25.156389,55.844444,0, ,0.0,0.0,0.0,0.0,0,0,0,0,0,0,0,0
TF,DB517,25.191389,55.781944,0, ,0.0,0.0,0.0,0.0,0,0,0,0,0,0,0,0
TF,VUTON,25.226111,55.719167,0, ,0.0,0.0,0.0,0.0,0,0,0,0,0,0,0,0
TF,DB515,25.261111,55.656389,0, ,0.0,0.0,0.0,0.0,0,0,0,1,210,0,0,0
TF,DB514,25.304722,55.578056,0, ,0.0,0.0,0.0,0.0,0,0,0,0,0,0,0,0
TF,DB513,25.240556,55.534722,0, ,0.0,0.0,0.0,0.0,0,0,0,0,0,0,0,0
TF,GIRGO,25.196972,55.613250,0, ,0.0,0.0,0.0,0.0,0,0,0,0,0,0,0,0
TF,VELAR,25.161944,55.675833,0, ,0.0,0.0,0.0,0.0,0,0,0,0,0,0,0,0
TF,DB509,25.127222,55.738611,0, ,0.0,0.0,0.0,0.0,0,0,0,0,0,0,0,0
TF,DB508,25.092222,55.801111,0, ,0.0,0.0,0.0,0.0,0,0,0,1,185,0,0,0
TF,DB507,25.057222,55.863889,0, ,0.0,0.0,0.0,0.0,0,0,0,0,0,0,0,0
TF,DB506,24.997222,55.823333,0, ,0.0,0.0,0.0,0.0,0,0,0,0,0,0,0,0
TF,DB505,25.032222,55.760833,0, ,0.0,0.0,0.0,0.0,0,0,0,0,0,0,0,0
TF,DB504,25.067222,55.698056,0, ,0.0,0.0,0.0,0.0,0,0,0,0,0,0,0,0
TF,ULDOT,25.101944,55.635556,0, ,0.0,0.0,0.0,0.0,2,2000,0,0,0,0,0,0

STAR,BUBI8C,30R,5
IF,BUBIN,24.961667,56.111667, ,0.0,0.0,0,0,0,0,0,0,0,0
TF,GIRMI,25.044722,55.958333,0, ,0.0,0.0,0.0,0.0,3,11000,0,1,230,0,0,0
TF,DB518,25.156389,55.844444,0, ,0.0,0.0,0.0,0.0,0,0,0,0,0,0,0,0
TF,DB517,25.191389,55.781944,0, ,0.0,0.0,0.0,0.0,0,0,0,0,0,0,0,0
TF,VUTON,25.226111,55.719167,0, ,0.0,0.0,0.0,0.0,0,0,0,0,0,0,0,0
TF,DB515,25.261111,55.656389,0, ,0.0,0.0,0.0,0.0,0,0,0,1,210,0,0,0
TF,DB514,25.304722,55.578056,0, ,0.0,0.0,0.0,0.0,0,0,0,0,0,0,0,0
TF,DB513,25.240556,55.534722,0, ,0.0,0.0,0.0,0.0,0,0,0,0,0,0,0,0
TF,GIRGO,25.196972,55.613250,0, ,0.0,0.0,0.0,0.0,0,0,0,0,0,0,0,0
TF,VELAR,25.161944,55.675833,0, ,0.0,0.0,0.0,0.0,0,0,0,0,0,0,0,0
TF,DB509,25.127222,55.738611,0, ,0.0,0.0,0.0,0.0,0,0,0,0,0,0,0,0
TF,DB508,25.092222,55.801111,0, ,0.0,0.0,0.0,0.0,0,0,0,1,185,0,0,0
TF,DB507,25.057222,55.863889,0, ,0.0,0.0,0.0,0.0,0,0,0,0,0,0,0,0
TF,DB506,24.997222,55.823333,0, ,0.0,0.0,0.0,0.0,0,0,0,0,0,0,0,0
TF,DB505,25.032222,55.760833,0, ,0.0,0.0,0.0,0.0,0,0,0,0,0,0,0,0
TF,DB504,25.067222,55.698056,0, ,0.0,0.0,0.0,0.0,0,0,0,0,0,0,0,0
TF,ULDOT,25.101944,55.635556,0, ,0.0,0.0,0.0,0.0,2,2000,0,0,0,0,0,0

STAR,BUBI9B,12L,5
IF,BUBIN,24.961667,56.111667, ,0.0,0.0,0,0,0,0,0,0,0,0
TF,GIRMI,25.044722,55.958333,0, ,0.0,0.0,0.0,0.0,3,11000,0,1,230,0,0,0
TF,MESGA,25.105000,55.776944,0, ,0.0,0.0,0.0,0.0,0,0,0,0,0,0,0,0
TF,DB423,25.231111,55.551111,0, ,0.0,0.0,0.0,0.0,2,6000,0,0,0,0,0,0
TF,TALVI,25.303611,55.420278,0, ,0.0,0.0,0.0,0.0,0,0,0,1,210,0,0,0
TF,DB421,25.352222,55.333333,0, ,0.0,0.0,0.0,0.0,0,0,0,0,0,0,0,0
TF,DB420,25.387222,55.270556,0, ,0.0,0.0,0.0,0.0,0,0,0,0,0,0,0,0
TF,ALNET,25.421972,55.207556,0, ,0.0,0.0,0.0,0.0,0,0,0,0,0,0,0,0
TF,SOGAP,25.456667,55.144722,0, ,0.0,0.0,0.0,0.0,0,0,0,0,0,0,0,0
TF,DB417,25.491667,55.081944,0, ,0.0,0.0,0.0,0.0,0,0,0,1,185,0,0,0
TF,DB416,25.526389,55.018889,0, ,0.0,0.0,0.0,0.0,0,0,0,0,0,0,0,0
TF,DB414,25.469167,54.980556,0, ,0.0,0.0,0.0,0.0,0,0,0,0,0,0,0,0
TF,DB413,25.434444,55.043611,0, ,0.0,0.0,0.0,0.0,0,0,0,0,0,0,0,0
TF,REREK,25.399722,55.106389,0, ,0.0,0.0,0.0,0.0,2,2000,0,0,0,0,0,0

STAR,BUBI9B,12R,5
IF,BUBIN,24.961667,56.111667, ,0.0,0.0,0,0,0,0,0,0,0,0
TF,GIRMI,25.044722,55.958333,0, ,0.0,0.0,0.0,0.0,3,11000,0,1,230,0,0,0
TF,MESGA,25.105000,55.776944,0, ,0.0,0.0,0.0,0.0,0,0,0,0,0,0,0,0
TF,DB423,25.231111,55.551111,0, ,0.0,0.0,0.0,0.0,2,6000,0,0,0,0,0,0
TF,TALVI,25.303611,55.420278,0, ,0.0,0.0,0.0,0.0,0,0,0,1,210,0,0,0
TF,DB421,25.352222,55.333333,0, ,0.0,0.0,0.0,0.0,0,0,0,0,0,0,0,0
TF,DB420,25.387222,55.270556,0, ,0.0,0.0,0.0,0.0,0,0,0,0,0,0,0,0
TF,ALNET,25.421972,55.207556,0, ,0.0,0.0,0.0,0.0,0,0,0,0,0,0,0,0
TF,SOGAP,25.456667,55.144722,0, ,0.0,0.0,0.0,0.0,0,0,0,0,0,0,0,0
TF,DB417,25.491667,55.081944,0, ,0.0,0.0,0.0,0.0,0,0,0,1,185,0,0,0
TF,DB416,25.526389,55.018889,0, ,0.0,0.0,0.0,0.0,0,0,0,0,0,0,0,0
TF,DB414,25.469167,54.980556,0, ,0.0,0.0,0.0,0.0,0,0,0,0,0,0,0,0
TF,DB413,25.434444,55.043611,0, ,0.0,0.0,0.0,0.0,0,0,0,0,0,0,0,0
TF,REREK,25.399722,55.106389,0, ,0.0,0.0,0.0,0.0,2,2000,0,0,0,0,0,0

STAR,DESD9B,12L,5
IF,DESDI,25.600833,54.708333, ,0.0,0.0,0,0,0,0,0,0,0,0
TF,RULAM,25.515833,54.895833,0, ,0.0,0.0,0.0,0.0,3,11000,0,1,230,0,0,0
TF,IVUTI,25.590556,55.062222,0, ,0.0,0.0,0.0,0.0,0,0,0,0,0,0,0,0
TF,DB429,25.555833,55.125000,0, ,0.0,0.0,0.0,0.0,0,0,0,0,0,0,0,0
TF,TULOM,25.520833,55.188056,0, ,0.0,0.0,0.0,0.0,0,0,0,0,0,0,0,0
TF,DB427,25.486111,55.250833,0, ,0.0,0.0,0.0,0.0,0,0,0,0,0,0,0,0
TF,DB426,25.451389,55.313611,0, ,0.0,0.0,0.0,0.0,0,0,0,1,210,0,0,0
TF,DB425,25.416389,55.376389,0, ,0.0,0.0,0.0,0.0,0,0,0,0,0,0,0,0
TF,DB421,25.352222,55.333333,0, ,0.0,0.0,0.0,0.0,0,0,0,0,0,0,0,0
TF,DB420,25.387222,55.270556,0, ,0.0,0.0,0.0,0.0,0,0,0,0,0,0,0,0
TF,ALNET,25.421972,55.207556,0, ,0.0,0.0,0.0,0.0,0,0,0,0,0,0,0,0
TF,SOGAP,25.456667,55.144722,0, ,0.0,0.0,0.0,0.0,0,0,0,0,0,0,0,0
TF,DB417,25.491667,55.081944,0, ,0.0,0.0,0.0,0.0,0,0,0,1,185,0,0,0
TF,DB416,25.526389,55.018889,0, ,0.0,0.0,0.0,0.0,0,0,0,0,0,0,0,0
TF,DB414,25.469167,54.980556,0, ,0.0,0.0,0.0,0.0,0,0,0,0,0,0,0,0
TF,DB413,25.434444,55.043611,0, ,0.0,0.0,0.0,0.0,0,0,0,0,0,0,0,0
TF,REREK,25.399722,55.106389,0, ,0.0,0.0,0.0,0.0,2,2000,0,0,0,0,0,0

STAR,DESD9B,12R,5
IF,DESDI,25.600833,54.708333, ,0.0,0.0,0,0,0,0,0,0,0,0
TF,RULAM,25.515833,54.895833,0, ,0.0,0.0,0.0,0.0,3,11000,0,1,230,0,0,0
TF,IVUTI,25.590556,55.062222,0, ,0.0,0.0,0.0,0.0,0,0,0,0,0,0,0,0
TF,DB429,25.555833,55.125000,0, ,0.0,0.0,0.0,0.0,0,0,0,0,0,0,0,0
TF,TULOM,25.520833,55.188056,0, ,0.0,0.0,0.0,0.0,0,0,0,0,0,0,0,0
TF,DB427,25.486111,55.250833,0, ,0.0,0.0,0.0,0.0,0,0,0,0,0,0,0,0
TF,DB426,25.451389,55.313611,0, ,0.0,0.0,0.0,0.0,0,0,0,1,210,0,0,0
TF,DB425,25.416389,55.376389,0, ,0.0,0.0,0.0,0.0,0,0,0,0,0,0,0,0
TF,DB421,25.352222,55.333333,0, ,0.0,0.0,0.0,0.0,0,0,0,0,0,0,0,0
TF,DB420,25.387222,55.270556,0, ,0.0,0.0,0.0,0.0,0,0,0,0,0,0,0,0
TF,ALNET,25.421972,55.207556,0, ,0.0,0.0,0.0,0.0,0,0,0,0,0,0,0,0
TF,SOGAP,25.456667,55.144722,0, ,0.0,0.0,0.0,0.0,0,0,0,0,0,0,0,0
TF,DB417,25.491667,55.081944,0, ,0.0,0.0,0.0,0.0,0,0,0,1,185,0,0,0
TF,DB416,25.526389,55.018889,0, ,0.0,0.0,0.0,0.0,0,0,0,0,0,0,0,0
TF,DB414,25.469167,54.980556,0, ,0.0,0.0,0.0,0.0,0,0,0,0,0,0,0,0
TF,DB413,25.434444,55.043611,0, ,0.0,0.0,0.0,0.0,0,0,0,0,0,0,0,0
TF,REREK,25.399722,55.106389,0, ,0.0,0.0,0.0,0.0,2,2000,0,0,0,0,0,0

STAR,DESD9C,30L,5
IF,DESDI,25.600833,54.708333, ,0.0,0.0,0,0,0,0,0,0,0,0
TF,GITBO,25.570278,54.939444,0, ,0.0,0.0,0.0,0.0,3,11000,0,1,230,0,0,0
TF,ULASO,25.317222,55.395833,0, ,0.0,0.0,0.0,0.0,2,6000,0,1,210,0,0,0
TF,DB519,25.281667,55.460556,0, ,0.0,0.0,0.0,0.0,0,0,0,0,0,0,0,0
TF,DB513,25.240556,55.534722,0, ,0.0,0.0,0.0,0.0,0,0,0,0,0,0,0,0
TF,GIRGO,25.196972,55.613250,0, ,0.0,0.0,0.0,0.0,0,0,0,0,0,0,0,0
TF,VELAR,25.161944,55.675833,0, ,0.0,0.0,0.0,0.0,0,0,0,0,0,0,0,0
TF,DB509,25.127222,55.738611,0, ,0.0,0.0,0.0,0.0,0,0,0,0,0,0,0,0
TF,DB508,25.092222,55.801111,0, ,0.0,0.0,0.0,0.0,0,0,0,1,185,0,0,0
TF,DB507,25.057222,55.863889,0, ,0.0,0.0,0.0,0.0,0,0,0,0,0,0,0,0
TF,DB506,24.997222,55.823333,0, ,0.0,0.0,0.0,0.0,0,0,0,0,0,0,0,0
TF,DB505,25.032222,55.760833,0, ,0.0,0.0,0.0,0.0,0,0,0,0,0,0,0,0
TF,DB504,25.067222,55.698056,0, ,0.0,0.0,0.0,0.0,0,0,0,0,0,0,0,0
TF,ULDOT,25.101944,55.635556,0, ,0.0,0.0,0.0,0.0,2,2000,0,0,0,0,0,0

STAR,DESD9C,30R,5
IF,DESDI,25.600833,54.708333, ,0.0,0.0,0,0,0,0,0,0,0,0
TF,GITBO,25.570278,54.939444,0, ,0.0,0.0,0.0,0.0,3,11000,0,1,230,0,0,0
TF,ULASO,25.317222,55.395833,0, ,0.0,0.0,0.0,0.0,2,6000,0,1,210,0,0,0
TF,DB519,25.281667,55.460556,0, ,0.0,0.0,0.0,0.0,0,0,0,0,0,0,0,0
TF,DB513,25.240556,55.534722,0, ,0.0,0.0,0.0,0.0,0,0,0,0,0,0,0,0
TF,GIRGO,25.196972,55.613250,0, ,0.0,0.0,0.0,0.0,0,0,0,0,0,0,0,0
TF,VELAR,25.161944,55.675833,0, ,0.0,0.0,0.0,0.0,0,0,0,0,0,0,0,0
TF,DB509,25.127222,55.738611,0, ,0.0,0.0,0.0,0.0,0,0,0,0,0,0,0,0
TF,DB508,25.092222,55.801111,0, ,0.0,0.0,0.0,0.0,0,0,0,1,185,0,0,0
TF,DB507,25.057222,55.863889,0, ,0.0,0.0,0.0,0.0,0,0,0,0,0,0,0,0
TF,DB506,24.997222,55.823333,0, ,0.0,0.0,0.0,0.0,0,0,0,0,0,0,0,0
TF,DB505,25.032222,55.760833,0, ,0.0,0.0,0.0,0.0,0,0,0,0,0,0,0,0
TF,DB504,25.067222,55.698056,0, ,0.0,0.0,0.0,0.0,0,0,0,0,0,0,0,0
TF,ULDOT,25.101944,55.635556,0, ,0.0,0.0,0.0,0.0,2,2000,0,0,0,0,0,0

STAR,MIAD1B,12L,5
IF,MIADA,24.853333,54.960000, ,0.0,0.0,0,0,0,1,230,0,0,0
TF,MUXAL,24.995833,54.905000,0, ,0.0,0.0,0.0,0.0,0,0,0,0,0,0,0,0
TF,EMOVA,25.243611,54.927222,0, ,0.0,0.0,0.0,0.0,0,0,0,1,210,0,0,0
TF,ODLAL,25.411944,54.942500,0, ,0.0,0.0,0.0,0.0,0,0,0,1,185,0,0,0
TF,DB414,25.469167,54.980556,0, ,0.0,0.0,0.0,0.0,0,0,0,0,0,0,0,0
TF,DB413,25.434444,55.043611,0, ,0.0,0.0,0.0,0.0,0,0,0,0,0,0,0,0
TF,REREK,25.399722,55.106389,0, ,0.0,0.0,0.0,0.0,2,2000,0,0,0,0,0,0

STAR,MIAD1B,12R,5
IF,MIADA,24.853333,54.960000, ,0.0,0.0,0,0,0,1,230,0,0,0
TF,MUXAL,24.995833,54.905000,0, ,0.0,0.0,0.0,0.0,0,0,0,0,0,0,0,0
TF,EMOVA,25.243611,54.927222,0, ,0.0,0.0,0.0,0.0,0,0,0,1,210,0,0,0
TF,ODLAL,25.411944,54.942500,0, ,0.0,0.0,0.0,0.0,0,0,0,1,185,0,0,0
TF,DB414,25.469167,54.980556,0, ,0.0,0.0,0.0,0.0,0,0,0,0,0,0,0,0
TF,DB413,25.434444,55.043611,0, ,0.0,0.0,0.0,0.0,0,0,0,0,0,0,0,0
TF,REREK,25.399722,55.106389,0, ,0.0,0.0,0.0,0.0,2,2000,0,0,0,0,0,0

STAR,MIAD7C,30L,5
IF,MIADA,24.853333,54.960000, ,0.0,0.0,0,0,0,1,230,0,0,0
TF,ORPAT,24.878950,55.016139,0, ,0.0,0.0,0.0,0.0,0,0,0,0,0,0,0,0
TF,SOBOB,24.671244,55.390892,0, ,0.0,0.0,0.0,0.0,0,0,0,0,0,0,0,0
TF,ODBEV,24.696569,55.521272,0, ,0.0,0.0,0.0,0.0,0,0,0,0,0,0,0,0
TF,LOROT,24.872486,55.821425,0, ,0.0,0.0,0.0,0.0,0,0,0,0,0,0,0,0
TF,GEPAN,24.930000,55.888056,0, ,0.0,0.0,0.0,0.0,0,0,0,0,0,0,0,0
TF,ITMOX,25.015833,55.987778,0, ,0.0,0.0,0.0,0.0,0,0,0,0,0,0,0,0
TF,DB518,25.156389,55.844444,0, ,0.0,0.0,0.0,0.0,0,0,0,0,0,0,0,0
TF,DB517,25.191389,55.781944,0, ,0.0,0.0,0.0,0.0,0,0,0,0,0,0,0,0
TF,VUTON,25.226111,55.719167,0, ,0.0,0.0,0.0,0.0,0,0,0,0,0,0,0,0
TF,DB515,25.261111,55.656389,0, ,0.0,0.0,0.0,0.0,0,0,0,1,210,0,0,0
TF,DB514,25.304722,55.578056,0, ,0.0,0.0,0.0,0.0,0,0,0,0,0,0,0,0
TF,DB513,25.240556,55.534722,0, ,0.0,0.0,0.0,0.0,0,0,0,0,0,0,0,0
TF,GIRGO,25.196972,55.613250,0, ,0.0,0.0,0.0,0.0,0,0,0,0,0,0,0,0
TF,VELAR,25.161944,55.675833,0, ,0.0,0.0,0.0,0.0,0,0,0,0,0,0,0,0
TF,DB509,25.127222,55.738611,0, ,0.0,0.0,0.0,0.0,0,0,0,0,0,0,0,0
TF,DB508,25.092222,55.801111,0, ,0.0,0.0,0.0,0.0,0,0,0,1,185,0,0,0
TF,DB507,25.057222,55.863889,0, ,0.0,0.0,0.0,0.0,0,0,0,0,0,0,0,0
TF,DB506,24.997222,55.823333,0, ,0.0,0.0,0.0,0.0,0,0,0,0,0,0,0,0
TF,DB505,25.032222,55.760833,0, ,0.0,0.0,0.0,0.0,0,0,0,0,0,0,0,0
TF,DB504,25.067222,55.698056,0, ,0.0,0.0,0.0,0.0,0,0,0,0,0,0,0,0
TF,ULDOT,25.101944,55.635556,0, ,0.0,0.0,0.0,0.0,2,2000,0,0,0,0,0,0

STAR,MIAD7C,30R,5
IF,MIADA,24.853333,54.960000, ,0.0,0.0,0,0,0,1,230,0,0,0
TF,ORPAT,24.878950,55.016139,0, ,0.0,0.0,0.0,0.0,0,0,0,0,0,0,0,0
TF,SOBOB,24.671244,55.390892,0, ,0.0,0.0,0.0,0.0,0,0,0,0,0,0,0,0
TF,ODBEV,24.696569,55.521272,0, ,0.0,0.0,0.0,0.0,0,0,0,0,0,0,0,0
TF,LOROT,24.872486,55.821425,0, ,0.0,0.0,0.0,0.0,0,0,0,0,0,0,0,0
TF,GEPAN,24.930000,55.888056,0, ,0.0,0.0,0.0,0.0,0,0,0,0,0,0,0,0
TF,ITMOX,25.015833,55.987778,0, ,0.0,0.0,0.0,0.0,0,0,0,0,0,0,0,0
TF,DB518,25.156389,55.844444,0, ,0.0,0.0,0.0,0.0,0,0,0,0,0,0,0,0
TF,DB517,25.191389,55.781944,0, ,0.0,0.0,0.0,0.0,0,0,0,0,0,0,0,0
TF,VUTON,25.226111,55.719167,0, ,0.0,0.0,0.0,0.0,0,0,0,0,0,0,0,0
TF,DB515,25.261111,55.656389,0, ,0.0,0.0,0.0,0.0,0,0,0,1,210,0,0,0
TF,DB514,25.304722,55.578056,0, ,0.0,0.0,0.0,0.0,0,0,0,0,0,0,0,0
TF,DB513,25.240556,55.534722,0, ,0.0,0.0,0.0,0.0,0,0,0,0,0,0,0,0
TF,GIRGO,25.196972,55.613250,0, ,0.0,0.0,0.0,0.0,0,0,0,0,0,0,0,0
TF,VELAR,25.161944,55.675833,0, ,0.0,0.0,0.0,0.0,0,0,0,0,0,0,0,0
TF,DB509,25.127222,55.738611,0, ,0.0,0.0,0.0,0.0,0,0,0,0,0,0,0,0
TF,DB508,25.092222,55.801111,0, ,0.0,0.0,0.0,0.0,0,0,0,1,185,0,0,0
TF,DB507,25.057222,55.863889,0, ,0.0,0.0,0.0,0.0,0,0,0,0,0,0,0,0
TF,DB506,24.997222,55.823333,0, ,0.0,0.0,0.0,0.0,0,0,0,0,0,0,0,0
TF,DB505,25.032222,55.760833,0, ,0.0,0.0,0.0,0.0,0,0,0,0,0,0,0,0
TF,DB504,25.067222,55.698056,0, ,0.0,0.0,0.0,0.0,0,0,0,0,0,0,0,0
TF,ULDOT,25.101944,55.635556,0, ,0.0,0.0,0.0,0.0,2,2000,0,0,0,0,0,0

STAR,PUVA2B,12L,5
IF,PUVAL,25.599444,55.716111, ,0.0,0.0,3,11000,0,1,230,0,0,0
TF,SIGDI,25.417778,55.689444,0, ,0.0,0.0,0.0,0.0,0,0,0,0,0,0,0,0
TF,GESET,25.348056,55.634167,0, ,0.0,0.0,0.0,0.0,0,0,0,0,0,0,0,0
TF,DB423,25.231111,55.551111,0, ,0.0,0.0,0.0,0.0,2,6000,0,0,0,0,0,0
TF,TALVI,25.303611,55.420278,0, ,0.0,0.0,0.0,0.0,0,0,0,1,210,0,0,0
TF,DB421,25.352222,55.333333,0, ,0.0,0.0,0.0,0.0,0,0,0,0,0,0,0,0
TF,DB420,25.387222,55.270556,0, ,0.0,0.0,0.0,0.0,0,0,0,0,0,0,0,0
TF,ALNET,25.421972,55.207556,0, ,0.0,0.0,0.0,0.0,0,0,0,0,0,0,0,0
TF,SOGAP,25.456667,55.144722,0, ,0.0,0.0,0.0,0.0,0,0,0,0,0,0,0,0
TF,DB417,25.491667,55.081944,0, ,0.0,0.0,0.0,0.0,0,0,0,1,185,0,0,0
TF,DB416,25.526389,55.018889,0, ,0.0,0.0,0.0,0.0,0,0,0,0,0,0,0,0
TF,DB414,25.469167,54.980556,0, ,0.0,0.0,0.0,0.0,0,0,0,0,0,0,0,0
TF,DB413,25.434444,55.043611,0, ,0.0,0.0,0.0,0.0,0,0,0,0,0,0,0,0
TF,REREK,25.399722,55.106389,0, ,0.0,0.0,0.0,0.0,2,2000,0,0,0,0,0,0

STAR,PUVA2B,12R,5
IF,PUVAL,25.599444,55.716111, ,0.0,0.0,3,11000,0,1,230,0,0,0
TF,SIGDI,25.417778,55.689444,0, ,0.0,0.0,0.0,0.0,0,0,0,0,0,0,0,0
TF,GESET,25.348056,55.634167,0, ,0.0,0.0,0.0,0.0,0,0,0,0,0,0,0,0
TF,DB423,25.231111,55.551111,0, ,0.0,0.0,0.0,0.0,2,6000,0,0,0,0,0,0
TF,TALVI,25.303611,55.420278,0, ,0.0,0.0,0.0,0.0,0,0,0,1,210,0,0,0
TF,DB421,25.352222,55.333333,0, ,0.0,0.0,0.0,0.0,0,0,0,0,0,0,0,0
TF,DB420,25.387222,55.270556,0, ,0.0,0.0,0.0,0.0,0,0,0,0,0,0,0,0
TF,ALNET,25.421972,55.207556,0, ,0.0,0.0,0.0,0.0,0,0,0,0,0,0,0,0
TF,SOGAP,25.456667,55.144722,0, ,0.0,0.0,0.0,0.0,0,0,0,0,0,0,0,0
TF,DB417,25.491667,55.081944,0, ,0.0,0.0,0.0,0.0,0,0,0,1,185,0,0,0
TF,DB416,25.526389,55.018889,0, ,0.0,0.0,0.0,0.0,0,0,0,0,0,0,0,0
TF,DB414,25.469167,54.980556,0, ,0.0,0.0,0.0,0.0,0,0,0,0,0,0,0,0
TF,DB413,25.434444,55.043611,0, ,0.0,0.0,0.0,0.0,0,0,0,0,0,0,0,0
TF,REREK,25.399722,55.106389,0, ,0.0,0.0,0.0,0.0,2,2000,0,0,0,0,0,0

STAR,PUVA2C,30L,5
IF,PUVAL,25.599444,55.716111, ,0.0,0.0,3,11000,0,1,230,0,0,0
TF,KUMDA,25.540833,55.568611,0, ,0.0,0.0,0.0,0.0,0,0,0,0,0,0,0,0
TF,EGTUP,25.431389,55.476111,0, ,0.0,0.0,0.0,0.0,0,0,0,0,0,0,0,0
TF,ULASO,25.317222,55.395833,0, ,0.0,0.0,0.0,0.0,2,6000,0,1,210,0,0,0
TF,DB519,25.281667,55.460556,0, ,0.0,0.0,0.0,0.0,0,0,0,0,0,0,0,0
TF,DB513,25.240556,55.534722,0, ,0.0,0.0,0.0,0.0,0,0,0,0,0,0,0,0
TF,GIRGO,25.196972,55.613250,0, ,0.0,0.0,0.0,0.0,0,0,0,0,0,0,0,0
TF,VELAR,25.161944,55.675833,0, ,0.0,0.0,0.0,0.0,0,0,0,0,0,0,0,0
TF,DB509,25.127222,55.738611,0, ,0.0,0.0,0.0,0.0,0,0,0,0,0,0,0,0
TF,DB508,25.092222,55.801111,0, ,0.0,0.0,0.0,0.0,0,0,0,1,185,0,0,0
TF,DB507,25.057222,55.863889,0, ,0.0,0.0,0.0,0.0,0,0,0,0,0,0,0,0
TF,DB506,24.997222,55.823333,0, ,0.0,0.0,0.0,0.0,0,0,0,0,0,0,0,0
TF,DB505,25.032222,55.760833,0, ,0.0,0.0,0.0,0.0,0,0,0,0,0,0,0,0
TF,DB504,25.067222,55.698056,0, ,0.0,0.0,0.0,0.0,0,0,0,0,0,0,0,0
TF,ULDOT,25.101944,55.635556,0, ,0.0,0.0,0.0,0.0,2,2000,0,0,0,0,0,0

STAR,PUVA2C,30R,5
IF,PUVAL,25.599444,55.716111, ,0.0,0.0,3,11000,0,1,230,0,0,0
TF,KUMDA,25.540833,55.568611,0, ,0.0,0.0,0.0,0.0,0,0,0,0,0,0,0,0
TF,EGTUP,25.431389,55.476111,0, ,0.0,0.0,0.0,0.0,0,0,0,0,0,0,0,0
TF,ULASO,25.317222,55.395833,0, ,0.0,0.0,0.0,0.0,2,6000,0,1,210,0,0,0
TF,DB519,25.281667,55.460556,0, ,0.0,0.0,0.0,0.0,0,0,0,0,0,0,0,0
TF,DB513,25.240556,55.534722,0, ,0.0,0.0,0.0,0.0,0,0,0,0,0,0,0,0
TF,GIRGO,25.196972,55.613250,0, ,0.0,0.0,0.0,0.0,0,0,0,0,0,0,0,0
TF,VELAR,25.161944,55.675833,0, ,0.0,0.0,0.0,0.0,0,0,0,0,0,0,0,0
TF,DB509,25.127222,55.738611,0, ,0.0,0.0,0.0,0.0,0,0,0,0,0,0,0,0
TF,DB508,25.092222,55.801111,0, ,0.0,0.0,0.0,0.0,0,0,0,1,185,0,0,0
TF,DB507,25.057222,55.863889,0, ,0.0,0.0,0.0,0.0,0,0,0,0,0,0,0,0
TF,DB506,24.997222,55.823333,0, ,0.0,0.0,0.0,0.0,0,0,0,0,0,0,0,0
TF,DB505,25.032222,55.760833,0, ,0.0,0.0,0.0,0.0,0,0,0,0,0,0,0,0
TF,DB504,25.067222,55.698056,0, ,0.0,0.0,0.0,0.0,0,0,0,0,0,0,0,0
TF,ULDOT,25.101944,55.635556,0, ,0.0,0.0,0.0,0.0,2,2000,0,0,0,0,0,0

APPTR,I12L,12L,REREK
IF,REREK,25.399722,55.106389, ,0.0,0.0,2,2000,0,1,185,0,1,0
CF,UKRIM,25.367778,55.163833,0,IDBL,299.4,14.1,119.0,3.7,2,2000,0,1,185,0,1,0

FINAL,I12L,12L,I
IF,UKRIM,25.367778,55.163833,IDBL,299.4,14.1,2,2000,0,1,185,0,0,0
CF,DB612,25.317556,55.254806,0,IDBL,299.4,8.3,119.0,5.8,1,2000,0,0,0,0,2,0
CF,RW12L,25.264628,55.350422,0,IDBL,299.4,2.2,119.0,6.1,1,61,0,0,0,0,3,1
CA,0,119.0,2,470,0,0,0,0,0,0
DF,DAMOR,25.183472,55.645944,0, ,0.0,0.0,1,3000,0,1,210,0,0,1
HM,DAMOR,25.183472,55.645944,1, ,0.0,0.0,285.0,04.3,1,3000,0,1,230,0,0,0,0

APPTR,I12R,12R,REREK
IF,REREK,25.399722,55.106389, ,0.0,0.0,2,2000,0,1,185,0,1,0
CF,PEDOV,25.355722,55.178361,0,IDBE,299.4,14.1,122.0,4.7,2,2000,0,1,185,0,1,0

FINAL,I12R,12R,I
IF,PEDOV,25.355722,55.178361,IDBE,299.4,14.1,2,2000,0,1,185,0,0,0
CF,PUTGA,25.304861,55.270389,0,IDBE,299.4,8.2,119.0,5.9,1,2000,0,0,0,0,2,0
CF,RW12R,25.252836,55.364375,0,IDBE,299.4,2.2,119.0,6.0,1,64,0,0,0,0,3,1
CA,0,119.0,2,470,0,0,0,0,0,0
DF,DB656,25.095806,55.531639,0, ,0.0,0.0,2,3850,0,0,0,0,0,0
TF,DAMOR,25.183472,55.645944,0, ,0.0,0.0,0.0,0.0,1,4000,0,1,210,0,0,1
HM,DAMOR,25.183472,55.645944,1, ,0.0,0.0,285.0,04.3,1,4000,0,1,230,0,0,0,0

APPTR,I30L,30L,ULDOT
IF,ULDOT,25.101944,55.635556, ,0.0,0.0,2,2000,0,1,185,0,1,0
CF,SEDPO,25.141639,55.564528,0,IDBW,119.4,13.4,300.0,4.5,2,2000,0,1,185,0,1,0

FINAL,I30L,30L,I
IF,SEDPO,25.141639,55.564528,IDBW,119.4,13.4,2,2000,0,1,185,0,0,0
CF,MODUS,25.185000,55.486583,0,IDBW,119.4,8.5,299.0,5.0,1,2000,0,0,0,0,2,0
CF,RW30L,25.235919,55.394881,0,IDBW,119.4,2.6,299.0,5.9,1,110,0,0,0,0,3,1
DF,DB710,25.266389,55.339944,0, ,0.0,0.0,0,0,0,0,0,0,0,0
TF,EGNOT,25.332139,55.092556,0, ,0.0,0.0,0.0,0.0,1,3000,0,1,210,0,0,1
HM,EGNOT,25.332139,55.092556,2, ,0.0,0.0,104.0,04.3,1,3000,0,1,230,0,0,0,0

APPTR,I30R,30R,ULDOT
IF,ULDOT,25.101944,55.635556, ,0.0,0.0,2,2000,0,1,185,0,1,0
CF,LOVOL,25.144167,55.567222,0,IDBR,119.4,14.2,302.0,4.5,2,2000,0,1,185,0,1,0

FINAL,I30R,30R,I
IF,LOVOL,25.144167,55.567222,IDBR,119.4,14.2,2,2000,0,1,185,0,0,0
CF,DB756,25.195278,55.475361,0,IDBR,119.4,8.3,299.0,5.9,1,2000,0,0,0,0,2,0
CF,RW30R,25.247708,55.380931,0,IDBR,119.4,2.3,299.0,6.0,1,85,0,0,0,0,3,1
CA,0,299.0,2,470,0,0,0,0,0,0
DF,DB757,25.408444,55.207861,0, ,0.0,0.0,1,4000,0,0,0,0,0,0
TF,EGNOT,25.332139,55.092556,0, ,0.0,0.0,0.0,0.0,1,4000,0,1,210,0,0,1
HM,EGNOT,25.332139,55.092556,2, ,0.0,0.0,104.0,04.3,1,4000,0,1,230,0,0,0,0

APPTR,R12L,12L,REREK
IF,REREK,25.399722,55.106389, ,0.0,0.0,2,2000,0,1,185,0,1,0
TF,UKRIM,25.367778,55.163833,0, ,0.0,0.0,0.0,0.0,2,2000,0,1,185,0,1,0

FINAL,R12L,12L,G
IF,UKRIM,25.367778,55.163833, ,0.0,0.0,2,2000,0,1,185,0,0,0
TF,DB601,25.321389,55.247889,0, ,0.0,0.0,119.0,5.4,1,2000,0,0,0,0,2,0
TF,RW12L,25.264628,55.350422,0, ,0.0,0.0,119.0,6.5,1,61,0,0,0,0,3,1
DF,DAMOR,25.183472,55.645944,0, ,0.0,0.0,1,3000,0,1,210,0,0,1
HM,DAMOR,25.183472,55.645944,1, ,0.0,0.0,285.0,04.3,1,3000,0,1,230,0,0,0,0

APPTR,R12R,12R,REREK
IF,REREK,25.399722,55.106389, ,0.0,0.0,2,2000,0,1,185,0,1,0
TF,PEDOV,25.355722,55.178361,0, ,0.0,0.0,0.0,0.0,2,2000,0,1,185,0,1,0

FINAL,R12R,12R,G
IF,PEDOV,25.355722,55.178361, ,0.0,0.0,2,2000,0,1,185,0,0,0
TF,DB651,25.309500,55.262000,0, ,0.0,0.0,119.0,5.3,1,2000,0,0,0,0,2,0
TF,RW12R,25.252836,55.364375,0, ,0.0,0.0,119.0,6.5,1,64,0,0,0,0,3,1
DF,DB656,25.095806,55.531639,0, ,0.0,0.0,1,4000,0,0,0,0,0,0
TF,DAMOR,25.183472,55.645944,0, ,0.0,0.0,0.0,0.0,1,4000,0,1,210,0,0,1
HM,DAMOR,25.183472,55.645944,1, ,0.0,0.0,285.0,04.3,1,4000,0,1,230,0,0,0,0

APPTR,R30L,30L,ULDOT
IF,ULDOT,25.101944,55.635556, ,0.0,0.0,2,2000,0,1,185,0,1,0
TF,SEDPO,25.141639,55.564528,0, ,0.0,0.0,0.0,0.0,2,2000,0,1,185,0,1,0

FINAL,R30L,30L,G
IF,SEDPO,25.141639,55.564528, ,0.0,0.0,2,2000,0,1,185,0,0,0
TF,DB713,25.180528,55.494639,0, ,0.0,0.0,299.0,4.5,1,2000,0,0,0,0,2,0
TF,RW30L,25.235919,55.394881,0, ,0.0,0.0,299.0,6.4,1,110,0,0,0,0,3,1
DF,DB710,25.266389,55.339944,0, ,0.0,0.0,0,0,0,0,0,0,0,0
TF,EGNOT,25.332139,55.092556,0, ,0.0,0.0,0.0,0.0,1,3000,0,1,210,0,0,1
HM,EGNOT,25.332139,55.092556,2, ,0.0,0.0,104.0,04.3,1,3000,0,1,230,0,0,0,0

APPTR,R30R,30R,ULDOT
IF,ULDOT,25.101944,55.635556, ,0.0,0.0,2,2000,0,1,185,0,1,0
TF,LOVOL,25.144167,55.567222,0, ,0.0,0.0,0.0,0.0,2,2000,0,1,185,0,1,0

FINAL,R30R,30R,G
IF,LOVOL,25.144167,55.567222, ,0.0,0.0,2,2000,0,1,185,0,0,0
TF,DB751,25.191556,55.482111,0, ,0.0,0.0,300.0,5.4,1,2000,0,0,0,0,2,0
TF,RW30R,25.247708,55.380931,0, ,0.0,0.0,299.0,6.5,1,85,0,0,0,0,3,1
DF,DB757,25.408444,55.207861,0, ,0.0,0.0,1,4000,0,0,0,0,0,0
TF,EGNOT,25.332139,55.092556,0, ,0.0,0.0,0.0,0.0,1,4000,0,1,210,0,0,1
HM,EGNOT,25.332139,55.092556,2, ,0.0,0.0,104.0,04.3,1,4000,0,1,230,0,0,0,0

