SID,ANVI2G,12L,5
CA,0,119.0,2,460,0,0,0,0,0,0
DF,ASTES,25.201389,55.457222,0, ,0.0,0.0,2,1000,0,0,0,0,0,0
TF,DB453,25.069722,55.693611,0, ,0.0,0.0,0.0,0.0,2,4000,0,0,0,0,0,0
TF,LUBAP,24.943611,55.801111,0, ,0.0,0.0,0.0,0.0,0,0,0,0,0,0,0,0
TF,ANVIX,24.781944,55.937778,0, ,0.0,0.0,0.0,0.0,0,0,0,0,0,0,0,0

SID,ANVI2G,12R,5
CA,0,119.0,2,460,0,0,0,0,0,0
DF,ASTES,25.201389,55.457222,0, ,0.0,0.0,2,1000,0,0,0,0,0,0
TF,DB453,25.069722,55.693611,0, ,0.0,0.0,0.0,0.0,2,4000,0,0,0,0,0,0
TF,LUBAP,24.943611,55.801111,0, ,0.0,0.0,0.0,0.0,0,0,0,0,0,0,0,0
TF,ANVIX,24.781944,55.937778,0, ,0.0,0.0,0.0,0.0,0,0,0,0,0,0,0,0

SID,ANVI3F,30L,5
CA,0,299.0,2,460,0,0,0,0,0,0
DF,EMUNI,25.300278,55.285833,0, ,0.0,0.0,4,4000,1000,0,0,0,0,0
TF,DEMTO,25.232222,55.172222,0, ,0.0,0.0,0.0,0.0,0,0,0,1,220,0,0,0
TF,DB554,25.143889,55.285556,1, ,0.0,0.0,0.0,0.0,0,0,0,0,0,0,0,0
TF,ITUBA,25.145833,55.466944,0, ,0.0,0.0,0.0,0.0,0,0,0,0,0,0,0,0
TF,GOBGI,25.043611,55.671944,0, ,0.0,0.0,0.0,0.0,0,0,0,0,0,0,0,0
TF,ENEDO,24.919722,55.798056,0, ,0.0,0.0,0.0,0.0,0,0,0,0,0,0,0,0
TF,ANVIX,24.781944,55.937778,0, ,0.0,0.0,0.0,0.0,0,0,0,0,0,0,0,0

SID,ANVI3F,30R,5
CA,0,299.0,2,460,0,0,0,0,0,0
DF,EMUNI,25.300278,55.285833,0, ,0.0,0.0,4,4000,1000,0,0,0,0,0
TF,DEMTO,25.232222,55.172222,0, ,0.0,0.0,0.0,0.0,0,0,0,1,220,0,0,0
TF,DB554,25.143889,55.285556,1, ,0.0,0.0,0.0,0.0,0,0,0,0,0,0,0,0
TF,ITUBA,25.145833,55.466944,0, ,0.0,0.0,0.0,0.0,0,0,0,0,0,0,0,0
TF,GOBGI,25.043611,55.671944,0, ,0.0,0.0,0.0,0.0,0,0,0,0,0,0,0,0
TF,ENEDO,24.919722,55.798056,0, ,0.0,0.0,0.0,0.0,0,0,0,0,0,0,0,0
TF,ANVIX,24.781944,55.937778,0, ,0.0,0.0,0.0,0.0,0,0,0,0,0,0,0,0

SID,DAVM1F,30L,5
CA,0,299.0,2,460,0,0,0,0,0,0
DF,EMUNI,25.300278,55.285833,0, ,0.0,0.0,4,4000,1000,0,0,0,0,0
TF,DB555,25.427222,55.208056,0, ,0.0,0.0,0.0,0.0,2,3000,0,1,220,0,0,0
TF,DB557,25.528889,55.285833,0, ,0.0,0.0,0.0,0.0,2,4000,0,0,0,0,0,0
TF,DAVMO,25.857500,55.650000,0, ,0.0,0.0,0.0,0.0,0,0,0,0,0,0,0,0

SID,DAVM1F,30R,5
CA,0,299.0,2,460,0,0,0,0,0,0
DF,EMUNI,25.300278,55.285833,0, ,0.0,0.0,4,4000,1000,0,0,0,0,0
TF,DB555,25.427222,55.208056,0, ,0.0,0.0,0.0,0.0,2,3000,0,1,220,0,0,0
TF,DB557,25.528889,55.285833,0, ,0.0,0.0,0.0,0.0,2,4000,0,0,0,0,0,0
TF,DAVMO,25.857500,55.650000,0, ,0.0,0.0,0.0,0.0,0,0,0,0,0,0,0,0

SID,DAVM1G,12L,5
CA,0,119.0,2,460,0,0,0,0,0,0
DF,ASTES,25.201389,55.457222,0, ,0.0,0.0,2,1000,0,0,0,0,0,0
TF,DB423,25.231111,55.551111,0, ,0.0,0.0,0.0,0.0,2,3000,0,1,220,0,0,0
TF,ATBID,25.250278,55.653056,0, ,0.0,0.0,0.0,0.0,2,4000,0,0,0,0,0,0
TF,DANED,25.316944,55.674167,0, ,0.0,0.0,0.0,0.0,0,0,0,0,0,0,0,0
TF,DB457,25.456667,55.697222,0, ,0.0,0.0,0.0,0.0,0,0,0,0,0,0,0,0
TF,VEBUL,25.597778,55.579167,0, ,0.0,0.0,0.0,0.0,0,0,0,0,0,0,0,0
TF,DAVMO,25.857500,55.650000,0, ,0.0,0.0,0.0,0.0,0,0,0,0,0,0,0,0

SID,DAVM1G,12R,5
CA,0,119.0,2,460,0,0,0,0,0,0
DF,ASTES,25.201389,55.457222,0, ,0.0,0.0,2,1000,0,0,0,0,0,0
TF,DB423,25.231111,55.551111,0, ,0.0,0.0,0.0,0.0,2,3000,0,1,220,0,0,0
TF,ATBID,25.250278,55.653056,0, ,0.0,0.0,0.0,0.0,2,4000,0,0,0,0,0,0
TF,DANED,25.316944,55.674167,0, ,0.0,0.0,0.0,0.0,0,0,0,0,0,0,0,0
TF,DB457,25.456667,55.697222,0, ,0.0,0.0,0.0,0.0,0,0,0,0,0,0,0,0
TF,VEBUL,25.597778,55.579167,0, ,0.0,0.0,0.0,0.0,0,0,0,0,0,0,0,0
TF,DAVMO,25.857500,55.650000,0, ,0.0,0.0,0.0,0.0,0,0,0,0,0,0,0,0

SID,MIAD5G,12L,5
CA,0,119.0,2,460,0,0,0,0,0,0
DF,ASTES,25.201389,55.457222,0, ,0.0,0.0,2,1000,0,0,0,0,0,0
TF,DB451,25.140000,55.415833,0, ,0.0,0.0,0.0,0.0,0,0,0,1,220,0,0,0
TF,DB452,25.143056,55.326389,0, ,0.0,0.0,0.0,0.0,0,0,0,0,0,0,0,0
TF,DB454,25.165556,55.237778,0, ,0.0,0.0,0.0,0.0,0,0,0,0,0,0,0,0
TF,MEBVA,25.202222,55.091667,0, ,0.0,0.0,0.0,0.0,0,0,0,0,0,0,0,0
TF,GINLA,25.140833,54.927222,0, ,0.0,0.0,0.0,0.0,0,0,0,0,0,0,0,0
TF,LOTEN,25.019722,54.941111,0, ,0.0,0.0,0.0,0.0,2,12000,0,0,0,0,0,0
TF,MIADA,24.853333,54.960000,0, ,0.0,0.0,0.0,0.0,2,15000,0,0,0,0,0,0

SID,MIAD5G,12R,5
CA,0,119.0,2,460,0,0,0,0,0,0
DF,ASTES,25.201389,55.457222,0, ,0.0,0.0,2,1000,0,0,0,0,0,0
TF,DB451,25.140000,55.415833,0, ,0.0,0.0,0.0,0.0,0,0,0,1,220,0,0,0
TF,DB452,25.143056,55.326389,0, ,0.0,0.0,0.0,0.0,0,0,0,0,0,0,0,0
TF,DB454,25.165556,55.237778,0, ,0.0,0.0,0.0,0.0,0,0,0,0,0,0,0,0
TF,MEBVA,25.202222,55.091667,0, ,0.0,0.0,0.0,0.0,0,0,0,0,0,0,0,0
TF,GINLA,25.140833,54.927222,0, ,0.0,0.0,0.0,0.0,0,0,0,0,0,0,0,0
TF,LOTEN,25.019722,54.941111,0, ,0.0,0.0,0.0,0.0,2,12000,0,0,0,0,0,0
TF,MIADA,24.853333,54.960000,0, ,0.0,0.0,0.0,0.0,2,15000,0,0,0,0,0,0

SID,MIAD6F,30L,5
CA,0,299.0,2,460,0,0,0,0,0,0
DF,EMUNI,25.300278,55.285833,0, ,0.0,0.0,4,4000,1000,0,0,0,0,0
TF,DEMTO,25.232222,55.172222,0, ,0.0,0.0,0.0,0.0,0,0,0,1,220,0,0,0
TF,GINLA,25.140833,54.927222,0, ,0.0,0.0,0.0,0.0,0,0,0,0,0,0,0,0
TF,LOTEN,25.019722,54.941111,0, ,0.0,0.0,0.0,0.0,2,12000,0,0,0,0,0,0
TF,MIADA,24.853333,54.960000,0, ,0.0,0.0,0.0,0.0,2,15000,0,0,0,0,0,0

SID,MIAD6F,30R,5
CA,0,299.0,2,460,0,0,0,0,0,0
DF,EMUNI,25.300278,55.285833,0, ,0.0,0.0,4,4000,1000,0,0,0,0,0
TF,DEMTO,25.232222,55.172222,0, ,0.0,0.0,0.0,0.0,0,0,0,1,220,0,0,0
TF,GINLA,25.140833,54.927222,0, ,0.0,0.0,0.0,0.0,0,0,0,0,0,0,0,0
TF,LOTEN,25.019722,54.941111,0, ,0.0,0.0,0.0,0.0,2,12000,0,0,0,0,0,0
TF,MIADA,24.853333,54.960000,0, ,0.0,0.0,0.0,0.0,2,15000,0,0,0,0,0,0

SID,MUVL2F,30L,5
CA,0,299.0,2,460,0,0,0,0,0,0
DF,EMUNI,25.300278,55.285833,0, ,0.0,0.0,4,4000,1000,0,0,0,0,0
TF,DATAL,25.284444,55.184167,0, ,0.0,0.0,0.0,0.0,0,0,0,1,220,0,0,0
TF,EMOVA,25.243611,54.927222,0, ,0.0,0.0,0.0,0.0,0,0,0,0,0,0,0,0
TF,MUVLA,25.287778,54.750000,0, ,0.0,0.0,0.0,0.0,0,0,0,0,0,0,0,0

SID,MUVL2F,30R,5
CA,0,299.0,2,460,0,0,0,0,0,0
DF,EMUNI,25.300278,55.285833,0, ,0.0,0.0,4,4000,1000,0,0,0,0,0
TF,DATAL,25.284444,55.184167,0, ,0.0,0.0,0.0,0.0,0,0,0,1,220,0,0,0
TF,EMOVA,25.243611,54.927222,0, ,0.0,0.0,0.0,0.0,0,0,0,0,0,0,0,0
TF,MUVLA,25.287778,54.750000,0, ,0.0,0.0,0.0,0.0,0,0,0,0,0,0,0,0

SID,MUVL2G,12L,5
CA,0,119.0,2,460,0,0,0,0,0,0
DF,ASTES,25.201389,55.457222,0, ,0.0,0.0,2,1000,0,0,0,0,0,0
TF,DB451,25.140000,55.415833,0, ,0.0,0.0,0.0,0.0,0,0,0,1,220,0,0,0
TF,DB452,25.143056,55.326389,0, ,0.0,0.0,0.0,0.0,0,0,0,0,0,0,0,0
TF,DB454,25.165556,55.237778,0, ,0.0,0.0,0.0,0.0,0,0,0,0,0,0,0,0
TF,MEBVA,25.202222,55.091667,0, ,0.0,0.0,0.0,0.0,0,0,0,0,0,0,0,0
TF,EMOVA,25.243611,54.927222,0, ,0.0,0.0,0.0,0.0,0,0,0,0,0,0,0,0
TF,MUVLA,25.287778,54.750000,0, ,0.0,0.0,0.0,0.0,0,0,0,0,0,0,0,0

SID,MUVL2G,12R,5
CA,0,119.0,2,460,0,0,0,0,0,0
DF,ASTES,25.201389,55.457222,0, ,0.0,0.0,2,1000,0,0,0,0,0,0
TF,DB451,25.140000,55.415833,0, ,0.0,0.0,0.0,0.0,0,0,0,1,220,0,0,0
TF,DB452,25.143056,55.326389,0, ,0.0,0.0,0.0,0.0,0,0,0,0,0,0,0,0
TF,DB454,25.165556,55.237778,0, ,0.0,0.0,0.0,0.0,0,0,0,0,0,0,0,0
TF,MEBVA,25.202222,55.091667,0, ,0.0,0.0,0.0,0.0,0,0,0,0,0,0,0,0
TF,EMOVA,25.243611,54.927222,0, ,0.0,0.0,0.0,0.0,0,0,0,0,0,0,0,0
TF,MUVLA,25.287778,54.750000,0, ,0.0,0.0,0.0,0.0,0,0,0,0,0,0,0,0

SID,NADI2G,12L,5
CA,0,119.0,2,460,0,0,0,0,0,0
DF,ASTES,25.201389,55.457222,0, ,0.0,0.0,2,1000,0,0,0,0,0,0
TF,DB451,25.140000,55.415833,0, ,0.0,0.0,0.0,0.0,0,0,0,1,220,0,0,0
TF,DB452,25.143056,55.326389,0, ,0.0,0.0,0.0,0.0,0,0,0,0,0,0,0,0
TF,DB454,25.165556,55.237778,0, ,0.0,0.0,0.0,0.0,0,0,0,0,0,0,0,0
TF,ALVAV,25.318889,55.036944,0, ,0.0,0.0,0.0,0.0,0,0,0,0,0,0,0,0
TF,IVENA,25.358056,54.880556,0, ,0.0,0.0,0.0,0.0,0,0,0,0,0,0,0,0
TF,NADIL,25.381111,54.788056,0, ,0.0,0.0,0.0,0.0,0,0,0,0,0,0,0,0

SID,NADI2G,12R,5
CA,0,119.0,2,460,0,0,0,0,0,0
DF,ASTES,25.201389,55.457222,0, ,0.0,0.0,2,1000,0,0,0,0,0,0
TF,DB451,25.140000,55.415833,0, ,0.0,0.0,0.0,0.0,0,0,0,1,220,0,0,0
TF,DB452,25.143056,55.326389,0, ,0.0,0.0,0.0,0.0,0,0,0,0,0,0,0,0
TF,DB454,25.165556,55.237778,0, ,0.0,0.0,0.0,0.0,0,0,0,0,0,0,0,0
TF,ALVAV,25.318889,55.036944,0, ,0.0,0.0,0.0,0.0,0,0,0,0,0,0,0,0
TF,IVENA,25.358056,54.880556,0, ,0.0,0.0,0.0,0.0,0,0,0,0,0,0,0,0
TF,NADIL,25.381111,54.788056,0, ,0.0,0.0,0.0,0.0,0,0,0,0,0,0,0,0

SID,NADI3F,30L,5
CA,0,299.0,2,460,0,0,0,0,0,0
DF,EMUNI,25.300278,55.285833,0, ,0.0,0.0,4,4000,1000,0,0,0,0,0
TF,DB550,25.348889,55.197778,0, ,0.0,0.0,0.0,0.0,2,3000,0,1,220,0,0,0
TF,ALVAV,25.318889,55.036944,0, ,0.0,0.0,0.0,0.0,0,0,0,0,0,0,0,0
TF,IVENA,25.358056,54.880556,0, ,0.0,0.0,0.0,0.0,0,0,0,0,0,0,0,0
TF,NADIL,25.381111,54.788056,0, ,0.0,0.0,0.0,0.0,0,0,0,0,0,0,0,0

SID,NADI3F,30R,5
CA,0,299.0,2,460,0,0,0,0,0,0
DF,EMUNI,25.300278,55.285833,0, ,0.0,0.0,4,4000,1000,0,0,0,0,0
TF,DB550,25.348889,55.197778,0, ,0.0,0.0,0.0,0.0,2,3000,0,1,220,0,0,0
TF,ALVAV,25.318889,55.036944,0, ,0.0,0.0,0.0,0.0,0,0,0,0,0,0,0,0
TF,IVENA,25.358056,54.880556,0, ,0.0,0.0,0.0,0.0,0,0,0,0,0,0,0,0
TF,NADIL,25.381111,54.788056,0, ,0.0,0.0,0.0,0.0,0,0,0,0,0,0,0,0

SID,RIKE3G,12L,5
CA,0,119.0,2,460,0,0,0,0,0,0
DF,ASTES,25.201389,55.457222,0, ,0.0,0.0,2,1000,0,0,0,0,0,0
TF,DB423,25.231111,55.551111,0, ,0.0,0.0,0.0,0.0,2,3000,0,1,220,0,0,0
TF,ATBID,25.250278,55.653056,0, ,0.0,0.0,0.0,0.0,2,4000,0,0,0,0,0,0
TF,RIKET,25.316389,56.033333,0, ,0.0,0.0,0.0,0.0,0,0,0,0,0,0,0,0

SID,RIKE3G,12R,5
CA,0,119.0,2,460,0,0,0,0,0,0
DF,ASTES,25.201389,55.457222,0, ,0.0,0.0,2,1000,0,0,0,0,0,0
TF,DB423,25.231111,55.551111,0, ,0.0,0.0,0.0,0.0,2,3000,0,1,220,0,0,0
TF,ATBID,25.250278,55.653056,0, ,0.0,0.0,0.0,0.0,2,4000,0,0,0,0,0,0
TF,RIKET,25.316389,56.033333,0, ,0.0,0.0,0.0,0.0,0,0,0,0,0,0,0,0

SID,RIKE4F,30L,5
CA,0,299.0,2,460,0,0,0,0,0,0
DF,EMUNI,25.300278,55.285833,0, ,0.0,0.0,4,4000,1000,0,0,0,0,0
TF,DB558,25.420833,55.292778,0, ,0.0,0.0,0.0,0.0,2,3000,0,1,220,0,0,0
TF,DB559,25.503611,55.356389,0, ,0.0,0.0,0.0,0.0,2,4000,0,0,0,0,0,0
TF,KUMDA,25.540833,55.568611,0, ,0.0,0.0,0.0,0.0,0,0,0,0,0,0,0,0
TF,DEDNU,25.367222,55.766944,0, ,0.0,0.0,0.0,0.0,0,0,0,0,0,0,0,0
TF,RIKET,25.316389,56.033333,0, ,0.0,0.0,0.0,0.0,0,0,0,0,0,0,0,0

SID,RIKE4F,30R,5
CA,0,299.0,2,460,0,0,0,0,0,0
DF,EMUNI,25.300278,55.285833,0, ,0.0,0.0,4,4000,1000,0,0,0,0,0
TF,DB558,25.420833,55.292778,0, ,0.0,0.0,0.0,0.0,2,3000,0,1,220,0,0,0
TF,DB559,25.503611,55.356389,0, ,0.0,0.0,0.0,0.0,2,4000,0,0,0,0,0,0
TF,KUMDA,25.540833,55.568611,0, ,0.0,0.0,0.0,0.0,0,0,0,0,0,0,0,0
TF,DEDNU,25.367222,55.766944,0, ,0.0,0.0,0.0,0.0,0,0,0,0,0,0,0,0
TF,RIKET,25.316389,56.033333,0, ,0.0,0.0,0.0,0.0,0,0,0,0,0,0,0,0

SID,SITA2G,12L,5
CA,0,119.0,2,460,0,0,0,0,0,0
DF,ASTES,25.201389,55.457222,0, ,0.0,0.0,2,1000,0,0,0,0,0,0
TF,DB451,25.140000,55.415833,0, ,0.0,0.0,0.0,0.0,0,0,0,1,220,0,0,0
TF,DB452,25.143056,55.326389,0, ,0.0,0.0,0.0,0.0,0,0,0,0,0,0,0,0
TF,DB454,25.165556,55.237778,0, ,0.0,0.0,0.0,0.0,0,0,0,0,0,0,0,0
TF,MEBVA,25.202222,55.091667,0, ,0.0,0.0,0.0,0.0,0,0,0,0,0,0,0,0
TF,GINLA,25.140833,54.927222,0, ,0.0,0.0,0.0,0.0,0,0,0,0,0,0,0,0
TF,SITAT,25.184722,54.750000,0, ,0.0,0.0,0.0,0.0,0,0,0,0,0,0,0,0

SID,SITA2G,12R,5
CA,0,119.0,2,460,0,0,0,0,0,0
DF,ASTES,25.201389,55.457222,0, ,0.0,0.0,2,1000,0,0,0,0,0,0
TF,DB451,25.140000,55.415833,0, ,0.0,0.0,0.0,0.0,0,0,0,1,220,0,0,0
TF,DB452,25.143056,55.326389,0, ,0.0,0.0,0.0,0.0,0,0,0,0,0,0,0,0
TF,DB454,25.165556,55.237778,0, ,0.0,0.0,0.0,0.0,0,0,0,0,0,0,0,0
TF,MEBVA,25.202222,55.091667,0, ,0.0,0.0,0.0,0.0,0,0,0,0,0,0,0,0
TF,GINLA,25.140833,54.927222,0, ,0.0,0.0,0.0,0.0,0,0,0,0,0,0,0,0
TF,SITAT,25.184722,54.750000,0, ,0.0,0.0,0.0,0.0,0,0,0,0,0,0,0,0

SID,SITA3F,30L,5
CA,0,299.0,2,460,0,0,0,0,0,0
DF,EMUNI,25.300278,55.285833,0, ,0.0,0.0,4,4000,1000,0,0,0,0,0
TF,DEMTO,25.232222,55.172222,0, ,0.0,0.0,0.0,0.0,0,0,0,1,220,0,0,0
TF,GINLA,25.140833,54.927222,0, ,0.0,0.0,0.0,0.0,0,0,0,0,0,0,0,0
TF,SITAT,25.184722,54.750000,0, ,0.0,0.0,0.0,0.0,0,0,0,0,0,0,0,0

SID,SITA3F,30R,5
CA,0,299.0,2,460,0,0,0,0,0,0
DF,EMUNI,25.300278,55.285833,0, ,0.0,0.0,4,4000,1000,0,0,0,0,0
TF,DEMTO,25.232222,55.172222,0, ,0.0,0.0,0.0,0.0,0,0,0,1,220,0,0,0
TF,GINLA,25.140833,54.927222,0, ,0.0,0.0,0.0,0.0,0,0,0,0,0,0,0,0
TF,SITAT,25.184722,54.750000,0, ,0.0,0.0,0.0,0.0,0,0,0,0,0,0,0,0

