STAR,DORO2A,01,2
IF,DOROL,44.631389,37.561667, ,0.0,0.0,4,10000,7000,0,0,0,0,0
TF,GN,44.572498,38.012222,0, ,0.0,0.0,0.0,0.0,1,7000,0,0,0,0,0,0

STAR,DORO4A,01,2
IF,DOROL,44.631389,37.561667, ,0.0,0.0,4,10000,7000,0,0,0,0,0
TF,GN,44.569658,38.008795,0, ,0.0,0.0,0.0,0.0,1,7000,0,0,0,0,0,0

STAR,KUTO4A,01,2
IF,KUTON,44.269722,38.315000, ,0.0,0.0,4,10000,7000,0,0,0,0,0
TF,GN,44.569658,38.008795,0, ,0.0,0.0,0.0,0.0,1,7000,0,0,0,0,0,0

STAR,LIMA4A,01,2
IF,LIMAS,44.208056,37.820000, ,0.0,0.0,4,10000,7000,0,0,0,0,0
TF,GN,44.569658,38.008795,0, ,0.0,0.0,0.0,0.0,1,7000,0,0,0,0,0,0

STAR,NALU4A,01,2
IF,NALUD,44.479722,37.403611, ,0.0,0.0,4,10000,7000,0,0,0,0,0
TF,GN,44.569658,38.008795,0, ,0.0,0.0,0.0,0.0,1,7000,0,0,0,0,0,0

STAR,OSNI4A,01,2
IF,OSNIR,44.642778,38.283889, ,0.0,0.0,1,7000,0,0,0,0,0,0
TF,GN,44.569658,38.008795,0, ,0.0,0.0,0.0,0.0,1,7000,0,0,0,0,0,0

APPTR,VOR/DME01-W,01,GN
IF,GN,44.572498,38.012222, ,0.0,0.0,1,7000,0,0,0,0,1,0
FD,GN,44.572498,38.012222,0,GN,0.0,12.7,211.0,12.7,1,3380,0,0,0,0,0,0
CF,D190M,44.369003,37.930883,1,GN,190.0,12.7,10.0,1.0,1,3380,0,0,0,0,0,0
CF,FD01,44.460000,37.966667,0,GN,190.2,7.0,10.0,5.7,1,2060,0,0,0,0,0,0

FINAL,VOR/DME01-W,01,D
IF,FD01,44.460000,37.966667,GN,190.2,7.0,1,2060,0,0,0,0,2,0
CF,MD01,44.522833,37.992314,0,GN,190.0,3.1,10.0,3.9,1,939,0,0,0,0,3,0
CI,1, ,0.0,166.0,2,939,0,1,185,0,0,0
CF,D211M,44.403317,37.834531,0,GN,211.0,12.7,211.0,7.0,1,3380,0,0,0,0,0,0

APPTR,N01-Y,01,GN1
IF,GN,44.569658,38.008795, ,0.0,0.0,1,7000,0,0,0,0,1,0
FC,GN,44.569658,38.008795,0,GN,0.0,0.0,199.0,11.9,1,3380,0,0,0,0,0,1
CF,FN01,44.385575,37.933175,1,GN,190.9,11.7,11.0,1.0,1,3380,0,0,0,0,0,0

FINAL,N01-Y,01,N
IF,FN01,44.385575,37.933175,GN,0.0,0.0,1,3380,0,0,0,0,2,0
CF,RW01,44.568489,38.008214,0,GN,0.0,0.0,11.0,11.4,1,139,0,0,0,0,3,0
CF,GN,44.569658,38.008795,0,GN,19.6,0.2,11.0,0.5,2,540,0,0,0,0,0,0
VM,0,0,1,191.0,1,3380,0,0,0,0,0,0
