SID,DORO1A,19,2
CA,0,188.0,2,2430,0,0,0,0,0,0
CI,2, ,0.0,319.0,0,0,0,0,0,0,0,0
CF,DOROL,44.631389,37.561667,0,GN,274.5,19.5,275.0,13.0,2,6000,0,0,0,0,0,0

SID,DORO1B,19,2
CA,0,188.0,2,2430,0,0,0,0,0,0
VI,0, ,0.0,256.0,0,0,0,0,0,0,0,0
CF,DOROL,44.631389,37.561667,0,GN,274.5,19.6,301.0,17.0,2,6000,0,0,0,0,0,0

SID,DORO1C,01,2
CD, ,0,0,0,GN,0,0.0,8.0,1.7,0,0,0,0,0,0,0,0
CA,0,353.0,2,920,0,1,185,0,0,0
CI,1, ,0.0,230.0,0,0,0,0,0,0,0,0
CF,DOROL,44.631389,37.561667,0,GN,274.5,19.6,275.0,12.0,2,6000,0,0,0,0,0,0

SID,DORO3B,19,2
CA,0,188.0,2,2430,0,0,0,0,0,0
VI,0, ,0.0,256.0,0,0,0,0,0,0,0,0
CF,DOROL,44.631389,37.561667,0,GN,274.5,19.6,301.0,17.0,2,6000,0,0,0,0,0,0

SID,DORO3C,01,2
CD, ,0,0,0,GN,0,0.0,8.0,1.7,0,0,0,0,0,0,0,0
CA,0,353.0,2,920,0,1,185,0,0,0
CI,1, ,0.0,230.0,0,0,0,0,0,0,0,0
CF,DOROL,44.631389,37.561667,0,GN,274.5,19.6,275.0,12.0,2,6000,0,0,0,0,0,0

SID,KUTO1A,19,2
CA,0,188.0,2,2430,0,0,0,0,0,0
CI,1, ,0.0,94.0,0,0,0,0,0,0,0,0
CF,KUTON,44.269722,38.315000,0,GN,138.1,22.4,138.0,16.0,2,6000,0,0,0,0,0,0

SID,KUTO1B,19,2
CA,0,188.0,2,2430,0,0,0,0,0,0
VI,0, ,0.0,165.0,0,0,0,0,0,0,0,0
CF,KUTON,44.269722,38.315000,0,GN,138.3,22.4,120.0,18.0,2,6000,0,0,0,0,0,0

SID,KUTO1C,01,2
CD, ,0,0,0,GN,0,0.0,8.0,1.7,0,0,0,0,0,0,0,0
CA,0,353.0,2,920,0,1,185,0,0,0
DF,GN,44.572498,38.012222,1, ,0.0,0.0,2,3050,0,0,0,0,0,0
TF,KUTON,44.269722,38.315000,0, ,0.0,0.0,0.0,0.0,2,6000,0,0,0,0,0,0

SID,KUTO3B,19,2
CA,0,188.0,2,2430,0,0,0,0,0,0
VI,0, ,0.0,168.0,0,0,0,0,0,0,0,0
CF,KUTON,44.269722,38.315000,0,GN,138.3,22.4,123.0,18.0,2,6000,0,0,0,0,0,0

SID,KUTO3C,01,2
CD, ,0,0,0,GN,0,0.0,8.0,1.7,0,0,0,0,0,0,0,0
CA,0,353.0,2,920,0,1,185,0,0,0
DF,GN,44.572498,38.012222,1, ,0.0,0.0,2,3050,0,0,0,0,0,0
TF,KUTON,44.269722,38.315000,0, ,0.0,0.0,0.0,0.0,2,6000,0,0,0,0,0,0

SID,LIMA1A,19,2
CA,0,188.0,2,2430,0,0,0,0,0,0
CF,LIMAS,44.208056,37.820000,0,GN,194.8,23.4,195.0,20.0,4,6000,4070,0,0,0,0,0

SID,LIMA1B,19,2
CA,0,188.0,2,2430,0,0,0,0,0,0
CF,LIMAS,44.208056,37.820000,0,GN,194.8,23.4,196.0,19.0,4,6000,4070,0,0,0,0,0

SID,LIMA1C,01,2
CD, ,0,0,0,GN,0,0.0,8.0,1.7,0,0,0,0,0,0,0,0
CA,0,353.0,2,920,0,1,185,0,0,0
CI,1, ,0.0,150.0,0,0,0,0,0,0,0,0
CF,LIMAS,44.208056,37.820000,0,GN,194.8,23.4,195.0,22.0,2,6000,0,0,0,0,0,0

SID,LIMA3B,19,2
CA,0,188.0,2,2430,0,0,0,0,0,0
CF,LIMAS,44.208056,37.820000,0,GN,194.8,23.4,196.0,19.0,4,6000,4070,0,0,0,0,0

SID,LIMA3C,01,2
CD, ,0,0,0,GN,0,0.0,8.0,1.7,0,0,0,0,0,0,0,0
CA,0,353.0,2,920,0,1,185,0,0,0
CI,1, ,0.0,150.0,0,0,0,0,0,0,0,0
CF,LIMAS,44.208056,37.820000,0,GN,194.8,23.4,195.0,22.0,2,6000,0,0,0,0,0,0

SID,NALU1A,19,2
CA,0,188.0,2,2430,0,0,0,0,0,0
CI,2, ,0.0,297.0,0,0,0,0,0,0,0,0
CF,NALUD,44.479722,37.403611,0,GN,252.2,26.7,252.0,20.0,2,6000,0,0,0,0,0,0

SID,NALU1B,19,2
CA,0,188.0,2,2430,0,0,0,0,0,0
VI,0, ,0.0,224.0,0,0,0,0,0,0,0,0
CF,NALUD,44.479722,37.403611,0,GN,252.2,26.7,269.0,22.0,2,6000,0,0,0,0,0,0

SID,NALU1C,01,2
CD, ,0,0,0,GN,0,0.0,8.0,1.7,0,0,0,0,0,0,0,0
CA,0,353.0,2,920,0,1,185,0,0,0
CI,1, ,0.0,207.0,0,0,0,0,0,0,0,0
CF,NALUD,44.479722,37.403611,0,GN,252.2,26.7,252.0,20.0,2,6000,0,0,0,0,0,0

SID,NALU3B,19,2
CA,0,188.0,2,2430,0,0,0,0,0,0
VI,0, ,0.0,224.0,0,0,0,0,0,0,0,0
CF,NALUD,44.479722,37.403611,0,GN,252.2,26.7,269.0,22.0,2,6000,0,0,0,0,0,0

SID,NALU3C,01,2
CD, ,0,0,0,GN,0,0.0,8.0,1.7,0,0,0,0,0,0,0,0
CA,0,353.0,2,920,0,1,185,0,0,0
CI,1, ,0.0,207.0,0,0,0,0,0,0,0,0
CF,NALUD,44.479722,37.403611,0,GN,252.2,26.7,252.0,20.0,2,6000,0,0,0,0,0,0

SID,OSNI1A,19,2
CA,0,188.0,2,2430,0,0,0,0,0,0
DF,GN,44.572498,38.012222,2, ,0.0,0.0,1,6000,0,0,0,0,0,0
TF,OSNIR,44.642778,38.283889,0, ,0.0,0.0,0.0,0.0,2,6000,0,0,0,0,0,0

SID,OSNI1B,19,2
CA,0,188.0,2,2430,0,0,0,0,0,0
DF,GN,44.572498,38.012222,2, ,0.0,0.0,1,6000,0,0,0,0,0,0
TF,OSNIR,44.642778,38.283889,0, ,0.0,0.0,0.0,0.0,2,6000,0,0,0,0,0,0

SID,OSNI1C,01,2
CD, ,0,0,0,GN,0,0.0,8.0,1.7,0,0,0,0,0,0,0,0
CA,0,353.0,2,920,0,1,185,0,0,0
DF,GN,44.572500,38.012222,1, ,0.0,0.0,2,3050,0,0,0,0,0,1
TF,OSNIR,44.642778,38.283889,0, ,0.0,0.0,0.0,0.0,2,6000,0,0,0,0,0,0

SID,OSNI3B,19,2
CA,0,188.0,2,2430,0,0,0,0,0,0
DF,GN,44.572498,38.012222,2, ,0.0,0.0,1,6000,0,0,0,0,0,0
TF,OSNIR,44.642778,38.283889,0, ,0.0,0.0,0.0,0.0,2,6000,0,0,0,0,0,0

SID,OSNI3C,01,2
CD, ,0,0,0,GN,0,0.0,8.0,1.7,0,0,0,0,0,0,0,0
CA,0,353.0,2,920,0,1,185,0,0,0
DF,GN,44.572498,38.012222,1, ,0.0,0.0,2,3050,0,0,0,0,0,1
TF,OSNIR,44.642778,38.283889,0, ,0.0,0.0,0.0,0.0,2,6000,0,0,0,0,0,0
