STAR,ALIK1C,08,2
IF,ALIKA,42.2525,41.534722, ,0.0,0.0,2,10000,0,0,0,0,0,0
TF,N,42.214972,41.967306,0, ,0.0,0.0,90,19.0,1,4000,0,0,0,0,0,0

STAR,ALIK2C,26,2
IF,ALIKA,42.252500,41.534722, ,0.0,0.0,2,10000,0,0,0,0,0,0
TF,KT,42.174389,42.455276,0, ,0.0,0.0,0.0,0.0,2,4000,0,1,220,0,0,0

STAR,ALIK3C,08,2
IF,ALIKA,42.252500,41.534722, ,0.0,0.0,2,10000,0,0,0,0,0,0
TF,KT,42.174389,42.455276,0, ,0.0,0.0,0.0,0.0,2,4000,0,1,220,0,0,0

STAR,LOBI1C,08,2
IF,LOBIN,42.181667,43.107222, ,0.0,0.0,2,10000,0,0,0,0,0,0
TF,KT,42.174389,42.455276,0, ,0.0,0.0,0.0,0.0,2,4000,0,1,220,0,0,0

STAR,LOBI2C,26,2
IF,LOBIN,42.181667,43.107222, ,0.0,0.0,2,10000,0,0,0,0,0,0
TF,E,42.180667,42.933083,0, ,0.0,0.0,0.0,0.0,2,4100,0,0,0,0,0,0

STAR,LOBI4C,26,2
IF,LOBIN,42.181667,43.107222, ,0.0,0.0,2,10000,0,0,0,0,0,0
TF,KT,42.174389,42.455276,0, ,0.0,0.0,0.0,0.0,2,4000,0,1,220,0,0,0

STAR,NEDE1C,08,2
IF,NEDEK,42.002222,41.592778, ,0.0,0.0,2,6000,0,0,0,0,0,0
TF,S,42.097528,42.067722,0, ,0.0,0.0,0.0,0.0,2,4000,0,0,0,0,0,0

STAR,NEDE2C,26,2
IF,NEDEK,42.002222,41.592778, ,0.0,0.0,2,6000,0,0,0,0,0,0
TF,KT,42.174389,42.455276,0, ,0.0,0.0,0.0,0.0,2,4000,0,1,220,0,0,0

STAR,NEDE3C,08,2
IF,NEDEK,42.002222,41.592778, ,0.0,0.0,2,6000,0,0,0,0,0,0
TF,KT,42.174389,42.455276,0, ,0.0,0.0,0.0,0.0,2,4000,0,1,220,0,0,0

STAR,IBER1A,08,2
IF,IBERI,42.160833,41.721667, ,0.0,0.0,1,6000,0,0,0,0,0,0
TF,D083M,42.168167,42.173500,0,KT,83.0,12.4,83,20.4,2,3500,0,0,0,0,0,0

APPTR,D08-Z,08,N
IF,N,42.214972,41.967306, ,0.0,0.0,2,4000,0,0,0,0,1,0
CF,D255P,42.132369,42.121964,0,KT,255.0,16.4,120.0,8.6,2,4000,0,0,0,0,1,0
CF,CD08,42.145444,42.230322,0,KT,255.0,11.5,75.0,4.9,2,2600,0,0,0,0,0,0

APPTR,D08-Y,08,KT1
IF,KT,42.174389,42.455276, ,0.0,0.0,2,4000,0,0,0,0,1,0
FD,KT,42.174389,42.455276,0,KT,0.0,11.5,273.0,11.5,2,2600,0,0,0,0,0,0
CF,CD08,42.145444,42.230322,1,KT,255.0,11.5,75.0,1.0,2,2600,0,0,0,0,1,0

APPTR,D08-Y,08,KT2
IF,KT,42.174389,42.455276, ,0.0,0.0,2,4000,0,0,0,0,1,0
FD,KT,42.174389,42.455276,0,KT,0.0,11.5,263.0,11.5,2,2600,0,0,0,0,0,0
CF,CD08,42.145444,42.230322,1,KT,255.0,11.5,75.0,1.0,2,2600,0,0,0,0,1,0

FINAL,D08-Y,08,D
IF,CD08,42.145444,42.230322,KT,255.0,11.5,2,2600,0,0,0,0,0,0
CF,FD08,42.158678,42.340936,0,KT,255.0,6.5,75.0,5.0,2,2000,0,0,0,0,2,0
CF,48VOR,42.163153,42.378556,0,KT,255.0,4.8,75.0,1.7,2,1470,0,0,0,0,0,0
CF,RW08,42.174958,42.467789,0,KT,260.6,0.8,75.0,4.0,1,183,0,0,0,0,3,0
FD,RW08,42.174958,42.467789,0,KT,260.6,7.0,75.0,7.0,2,3800,0,0,0,0,0,0
DF,KT,42.174389,42.455276,1, ,0.0,0.0,1,3800,0,1,220,0,0,0

APPTR,D08-Z,08,S
IF,S,42.097528,42.067722, ,0.0,0.0,2,4000,0,0,0,0,1,0
CF,D255P,42.132369,42.121964,0,KT,255.0,16.4,43.0,3.3,2,4000,0,0,0,0,1,0
CF,CD08,42.145444,42.230322,0,KT,255.0,11.5,75.0,4.9,2,2600,0,0,0,0,0,0

FINAL,D08-Z,08,D
IF,CD08,42.145444,42.230322,KT,255.0,11.5,2,2600,0,0,0,0,0,0
CF,FD08,42.158678,42.340936,0,KT,255.0,6.5,75.0,5.0,2,2000,0,0,0,0,2,0
CF,48VOR,42.163153,42.378556,0,KT,255.0,4.8,75.0,1.7,2,1470,0,0,0,0,0,0
CF,RW08,42.174958,42.467789,0,KT,260.6,0.8,75.0,4.0,1,183,0,0,0,0,3,0
FD,RW08,42.174958,42.467789,0,KT,260.6,7.0,75.0,7.0,2,3800,0,0,0,0,0,0
DF,KT,42.174389,42.455276,1, ,0.0,0.0,1,3800,0,1,220,0,0,0

APPTR,D26-Y,26,KT1
IF,KT,42.174389,42.455276, ,0.0,0.0,2,4000,0,0,0,0,1,0
FD,KT,42.174389,42.455276,0,KT,0.0,11.2,92.0,11.2,2,2600,0,0,0,0,0,0
CF,CD26,42.207889,42.732167,1,KT,74.0,11.2,254.0,1.0,2,2600,0,0,0,0,1,0

APPTR,D26-Y,26,KT2
IF,KT,42.174389,42.455276, ,0.0,0.0,2,4000,0,0,0,0,1,0
FD,KT,42.174389,42.455276,0,KT,0.0,11.2,82.0,11.2,2,2600,0,0,0,0,0,0
CF,CD26,42.207889,42.732167,1,KT,74.0,11.2,254.0,1.0,2,2600,0,0,0,0,1,0

FINAL,D26-Y,26,D
IF,CD26,42.207889,42.732167,KT,74.0,11.2,2,2600,0,0,0,0,0,0
CF,FD26,42.193583,42.621722,0,KT,74.0,6.2,254.0,5.0,2,2000,0,0,0,0,2,0
CF,24VOR,42.182658,42.537789,0,KT,74.0,2.4,254.0,3.8,2,790,0,0,0,0,0,0
CF,RW26,42.178686,42.497619,0,KT,66.7,0.6,254.0,1.8,1,210,0,0,0,0,3,0
FD,RW26,42.178686,42.497619,0,KT,66.7,7.0,254.0,7.0,2,3800,0,0,0,0,0,0
DF,KT,42.174389,42.455276,2, ,0.0,0.0,1,3800,0,1,220,0,0,0

APPTR,D26-Z,26,E
IF,E,42.180667,42.933083, ,0.0,0.0,2,4100,0,0,0,0,1,0
CF,D074Q,42.222917,42.849306,0,KT,74.0,16.5,298.0,4.5,2,4100,0,0,0,0,1,0
CF,CD26,42.207889,42.732167,0,KT,74.0,11.2,254.0,5.3,2,2600,0,0,0,0,0,0

FINAL,D26-Z,26,D
IF,CD26,42.207889,42.732167,KT,74.0,11.2,2,2600,0,0,0,0,0,0
CF,FD26,42.193583,42.621722,0,KT,74.0,6.2,254.0,5.0,2,2000,0,0,0,0,2,0
CF,24VOR,42.182658,42.537789,0,KT,74.0,2.4,254.0,3.8,2,790,0,0,0,0,0,0
CF,RW26,42.178686,42.497619,0,KT,66.7,0.6,254.0,1.8,1,210,0,0,0,0,3,0
FD,RW26,42.178686,42.497619,0,KT,66.7,7.0,254.0,7.0,2,3800,0,0,0,0,0,0
DF,KT,42.174389,42.455276,2, ,0.0,0.0,1,3800,0,1,220,0,0,0

APPTR,I08-Y,08,KT1
IF,KT,42.174389,42.455276, ,0.0,0.0,2,4000,0,0,0,0,0,0
FD,KT,42.174389,42.455276,0,KT,0.0,11.5,273.0,11.5,2,2600,0,0,0,0,0,0
CF,CI08,42.145444,42.230333,1,IKS,254.6,12.3,74.0,1.0,2,2600,0,0,0,0,1,0

APPTR,I08-Y,08,KT2
IF,KT,42.174389,42.455276, ,0.0,0.0,2,4000,0,0,0,0,0,0
FD,KT,42.174389,42.455276,0,KT,0.0,11.5,263.0,11.5,2,2600,0,0,0,0,0,0
CF,CI08,42.145444,42.230333,1,IKS,254.6,12.3,74.0,1.0,2,2600,0,0,0,0,1,0

FINAL,I08-Y,08,I
IF,CI08,42.145444,42.230333,IKS,254.6,12.3,2,2600,0,0,0,0,0,0
CF,FI08,42.158667,42.340944,0,IKS,254.3,7.3,74.0,5.0,1,2000,0,0,0,0,2,0
CF,RW08,42.174958,42.467789,0,IKS,254.5,1.5,74.0,5.7,1,183,0,0,0,0,3,0
FA,RW08,42.174958,42.467789,0,KT,0.0,0.0,74.0,2,3800,0,0,0,0,0,0
DF,KT,42.174389,42.455276,1, ,0.0,0.0,1,3800,0,1,220,0,0,0

APPTR,I08-Z,08,N
IF,N,42.214972,41.967306, ,0.0,0.0,2,4000,0,0,0,0,1,0
CF,D254Q,42.132361,42.121972,0,KT,255.0,16.4,120.0,8.5,2,4000,0,0,0,0,1,0
CF,CI08,42.145444,42.230333,0,IKS,254.6,12.3,74.0,4.9,2,2600,0,0,0,0,0,0

APPTR,I08-Z,08,S
IF,S,42.097528,42.067722, ,0.0,0.0,2,4000,0,0,0,0,1,0
CF,D254Q,42.132361,42.121972,0,KT,255.0,16.4,43.0,3.3,2,4000,0,0,0,0,1,0
CF,CI08,42.145444,42.230333,0,IKS,254.6,12.3,74.0,4.9,2,2600,0,0,0,0,0,0

FINAL,I08-Z,08,I
IF,CI08,42.145444,42.230333,IKS,254.6,12.3,2,2600,0,0,0,0,0,0
CF,FI08,42.158667,42.340944,0,IKS,254.3,7.3,74.0,5.0,1,2000,0,0,0,0,2,0
CF,RW08,42.174958,42.467789,0,IKS,254.5,1.5,74.0,5.7,1,183,0,0,0,0,3,0
FD,RW08,42.174958,42.467789,0,KT,260.6,7.0,74.0,7.0,2,3800,0,0,0,0,0,0
DF,KT,42.174389,42.455276,1, ,0.0,0.0,1,3800,0,1,220,0,0,0

APPTR,NDB-08,08,D083M
IF,D083M,42.168167,42.173500,KT,83.0,12.4,2,3500,0,0,0,0,1,0
CF,D083D,42.172222,42.371389,0,KT,83.0,3.8,83,8.6,2,1800,0,0,0,0,0,0

FINAL,NDB-08,08,N
IF,D083D,42.172222,42.371389,TI,0.0,0.0,2,1800,0,0,0,0,2,0
CF,TI,42.174289,42.454567,0,KT,0.0,2.6,83.0,3.8,1,883,0,0,0,0,3,0
FA,TI,42.174289,42.454567,0,KT,0.0,0.0,75.0,2,1500,0,0,0,0,0,0
VM,42.174289,42.454567,2,300.0,1,5000,0,0,0,0,0,0
