SID,ALIK1D,08,2
CF,DER07,42.178689,42.497642,0,KT,66.7,0.6,74.0,1.0,0,0,0,0,0,0,0,0
VA,0,74.0,2,1500,0,0,0,0,0,0
CF,KT,42.174389,42.455276,1,KT,0.0,0.0,194.0,4.0,0,0,0,1,250,0,0,0
TF,ALIKA,42.252500,41.534722,0, ,0.0,0.0,0.0,0.0,2,9000,0,0,0,0,0,0

SID,ALIK2D,26,2
CF,DER25,42.174958,42.467781,0,KT,260.6,0.8,254.0,1.0,0,0,0,0,0,0,0,0
VA,0,254.0,2,1500,0,0,0,0,0,0
CI,0, ,0.0,300.0,0,0,0,1,250,0,0,0
CF,ALIKA,42.252500,41.534722,0,KT,270.5,42.6,270.0,36.0,2,9000,0,0,0,0,0,0

SID,LOBI1D,08,2
CF,DER07,42.178689,42.497642,0,KT,66.7,0.6,74.0,1.0,0,0,0,0,0,0,0,0
VA,0,74.0,2,1500,0,0,0,0,0,0
CI,0, ,0.0,113.0,0,0,0,1,250,0,0,0
CF,LOBIN,42.181667,43.107222,0,KT,83.1,27.8,83.0,23.0,2,9000,0,0,0,0,0,0

SID,LOBI2D,26,2
CF,DER25,42.174958,42.467781,0,KT,260.6,0.8,254.0,1.0,0,0,0,0,0,0,0,0
VA,0,254.0,2,1500,0,0,0,0,0,0
CF,KT,42.174389,42.455276,2,KT,0.0,0.0,132.0,4.0,0,0,0,1,250,0,0,0
TF,LOBIN,42.181667,43.107222,0, ,0.0,0.0,0.0,0.0,2,9000,0,0,0,0,0,0

SID,NEDE1D,08,2
CF,DER07,42.178689,42.497642,0,KT,66.7,0.6,74.0,1.0,0,0,0,0,0,0,0,0
VA,0,74.0,2,1500,0,0,0,0,0,0
CF,KT,42.174389,42.455276,1,KT,0.0,0.0,194.0,4.0,0,0,0,1,250,0,0,0
TF,NEDEK,42.002222,41.592778,0, ,0.0,0.0,0.0,0.0,2,7000,0,0,0,0,0,0

SID,NEDE2D,26,2
CF,DER25,42.174958,42.467781,0,KT,260.6,0.8,254.0,1.0,0,0,0,0,0,0,0,1
CF,NEDEK,42.002222,41.592778,0,KT,249.7,41.2,250.0,40.0,2,7000,0,0,0,0,0,0
